p cnf 1012 6666 
4 25 26 35 45 49 65 78 93 114 117 119 138 140 162 0
5 6 26 34 50 61 63 66 69 71 78 82 110 127 130 131 134 135 146 151 0
13 31 36 78 81 93 99 104 124 150 154 160 0
20 32 43 53 74 79 104 111 116 129 0
14 37 43 53 58 79 97 104 154 160 0
1 14 23 28 31 37 41 42 54 56 67 72 84 95 109 121 125 132 142 150 0
26 31 67 78 81 99 104 154 156 160 0
20 43 74 79 92 103 104 111 116 129 0
13 26 31 67 78 81 99 104 154 156 160 0
18 20 43 92 103 104 111 116 129 159 0
1 20 23 28 32 41 42 54 56 57 58 62 74 81 86 97 109 124 132 156 0
3 5 7 8 9 11 19 21 30 33 38 44 46 47 48 55 64 66 75 80 82 90 105 108 112 144 148 161 0
1 20 23 28 32 41 42 54 56 57 72 74 84 109 121 125 132 142 150 0
4 13 15 16 25 29 34 36 45 49 60 68 98 114 117 118 120 122 138 151 0
14 32 43 53 58 79 104 0
5 6 12 20 22 37 39 40 50 51 66 70 71 73 82 85 87 94 95 119 122 123 131 134 136 137 139 140 153 0
26 53 65 67 95 97 99 104 154 156 160 0
2 15 16 21 24 29 33 59 60 73 75 83 85 96 118 120 126 133 143 157 0
4 15 16 21 25 29 34 60 68 73 75 85 118 120 122 126 133 143 151 0
3 5 6 7 10 13 19 30 36 47 50 66 69 82 83 96 98 100 106 108 113 135 144 146 148 149 155 157 161 0
4 15 16 25 26 29 35 45 49 60 65 78 93 114 117 118 119 120 138 140 162 0
37 43 53 58 65 95 97 104 154 156 160 0
3 5 7 8 9 17 27 46 47 48 52 64 76 77 82 88 89 90 91 101 102 107 115 128 141 144 145 152 158 0
21 31 36 81 93 98 99 104 124 140 147 150 160 0
-1 163 164 165 166 167 0
-163 -973 0
-163 -978 0
-163 -983 0
-163 -988 0
-163 -993 0
-163 -998 0
-163 -1003 0
-163 1008 0
-164 -974 0
-164 -979 0
-164 -984 0
-164 -989 0
-164 -994 0
-164 -999 0
-164 -1004 0
-164 1009 0
-165 -975 0
-165 -980 0
-165 -985 0
-165 -990 0
-165 -995 0
-165 -1000 0
-165 -1005 0
-165 1010 0
-166 -976 0
-166 -981 0
-166 -986 0
-166 -991 0
-166 -996 0
-166 -1001 0
-166 -1006 0
-166 1011 0
-167 -977 0
-167 -982 0
-167 -987 0
-167 -992 0
-167 -997 0
-167 -1002 0
-167 -1007 0
-167 1012 0
-2 168 169 170 171 172 0
-168 -973 0
-168 -978 0
-168 -983 0
-168 -988 0
-168 -993 0
-168 -998 0
-168 1003 0
-168 -1008 0
-169 -974 0
-169 -979 0
-169 -984 0
-169 -989 0
-169 -994 0
-169 -999 0
-169 1004 0
-169 -1009 0
-170 -975 0
-170 -980 0
-170 -985 0
-170 -990 0
-170 -995 0
-170 -1000 0
-170 1005 0
-170 -1010 0
-171 -976 0
-171 -981 0
-171 -986 0
-171 -991 0
-171 -996 0
-171 -1001 0
-171 1006 0
-171 -1011 0
-172 -977 0
-172 -982 0
-172 -987 0
-172 -992 0
-172 -997 0
-172 -1002 0
-172 1007 0
-172 -1012 0
-3 173 174 175 176 177 0
-173 -973 0
-173 -978 0
-173 -983 0
-173 -988 0
-173 -993 0
-173 -998 0
-173 1003 0
-173 1008 0
-174 -974 0
-174 -979 0
-174 -984 0
-174 -989 0
-174 -994 0
-174 -999 0
-174 1004 0
-174 1009 0
-175 -975 0
-175 -980 0
-175 -985 0
-175 -990 0
-175 -995 0
-175 -1000 0
-175 1005 0
-175 1010 0
-176 -976 0
-176 -981 0
-176 -986 0
-176 -991 0
-176 -996 0
-176 -1001 0
-176 1006 0
-176 1011 0
-177 -977 0
-177 -982 0
-177 -987 0
-177 -992 0
-177 -997 0
-177 -1002 0
-177 1007 0
-177 1012 0
-4 178 179 180 181 182 0
-178 -973 0
-178 -978 0
-178 -983 0
-178 -988 0
-178 -993 0
-178 998 0
-178 -1003 0
-178 -1008 0
-179 -974 0
-179 -979 0
-179 -984 0
-179 -989 0
-179 -994 0
-179 999 0
-179 -1004 0
-179 -1009 0
-180 -975 0
-180 -980 0
-180 -985 0
-180 -990 0
-180 -995 0
-180 1000 0
-180 -1005 0
-180 -1010 0
-181 -976 0
-181 -981 0
-181 -986 0
-181 -991 0
-181 -996 0
-181 1001 0
-181 -1006 0
-181 -1011 0
-182 -977 0
-182 -982 0
-182 -987 0
-182 -992 0
-182 -997 0
-182 1002 0
-182 -1007 0
-182 -1012 0
-5 183 184 185 186 187 0
-183 -973 0
-183 -978 0
-183 -983 0
-183 -988 0
-183 -993 0
-183 998 0
-183 -1003 0
-183 1008 0
-184 -974 0
-184 -979 0
-184 -984 0
-184 -989 0
-184 -994 0
-184 999 0
-184 -1004 0
-184 1009 0
-185 -975 0
-185 -980 0
-185 -985 0
-185 -990 0
-185 -995 0
-185 1000 0
-185 -1005 0
-185 1010 0
-186 -976 0
-186 -981 0
-186 -986 0
-186 -991 0
-186 -996 0
-186 1001 0
-186 -1006 0
-186 1011 0
-187 -977 0
-187 -982 0
-187 -987 0
-187 -992 0
-187 -997 0
-187 1002 0
-187 -1007 0
-187 1012 0
-6 188 189 190 191 192 0
-188 -973 0
-188 -978 0
-188 -983 0
-188 -988 0
-188 -993 0
-188 998 0
-188 1003 0
-188 -1008 0
-189 -974 0
-189 -979 0
-189 -984 0
-189 -989 0
-189 -994 0
-189 999 0
-189 1004 0
-189 -1009 0
-190 -975 0
-190 -980 0
-190 -985 0
-190 -990 0
-190 -995 0
-190 1000 0
-190 1005 0
-190 -1010 0
-191 -976 0
-191 -981 0
-191 -986 0
-191 -991 0
-191 -996 0
-191 1001 0
-191 1006 0
-191 -1011 0
-192 -977 0
-192 -982 0
-192 -987 0
-192 -992 0
-192 -997 0
-192 1002 0
-192 1007 0
-192 -1012 0
-7 193 194 195 196 197 0
-193 -973 0
-193 -978 0
-193 -983 0
-193 -988 0
-193 -993 0
-193 998 0
-193 1003 0
-193 1008 0
-194 -974 0
-194 -979 0
-194 -984 0
-194 -989 0
-194 -994 0
-194 999 0
-194 1004 0
-194 1009 0
-195 -975 0
-195 -980 0
-195 -985 0
-195 -990 0
-195 -995 0
-195 1000 0
-195 1005 0
-195 1010 0
-196 -976 0
-196 -981 0
-196 -986 0
-196 -991 0
-196 -996 0
-196 1001 0
-196 1006 0
-196 1011 0
-197 -977 0
-197 -982 0
-197 -987 0
-197 -992 0
-197 -997 0
-197 1002 0
-197 1007 0
-197 1012 0
-8 198 199 200 201 202 0
-198 -973 0
-198 -978 0
-198 -983 0
-198 -988 0
-198 993 0
-198 -998 0
-198 -1003 0
-198 -1008 0
-199 -974 0
-199 -979 0
-199 -984 0
-199 -989 0
-199 994 0
-199 -999 0
-199 -1004 0
-199 -1009 0
-200 -975 0
-200 -980 0
-200 -985 0
-200 -990 0
-200 995 0
-200 -1000 0
-200 -1005 0
-200 -1010 0
-201 -976 0
-201 -981 0
-201 -986 0
-201 -991 0
-201 996 0
-201 -1001 0
-201 -1006 0
-201 -1011 0
-202 -977 0
-202 -982 0
-202 -987 0
-202 -992 0
-202 997 0
-202 -1002 0
-202 -1007 0
-202 -1012 0
-9 203 204 205 206 207 0
-203 -973 0
-203 -978 0
-203 -983 0
-203 -988 0
-203 993 0
-203 -998 0
-203 -1003 0
-203 1008 0
-204 -974 0
-204 -979 0
-204 -984 0
-204 -989 0
-204 994 0
-204 -999 0
-204 -1004 0
-204 1009 0
-205 -975 0
-205 -980 0
-205 -985 0
-205 -990 0
-205 995 0
-205 -1000 0
-205 -1005 0
-205 1010 0
-206 -976 0
-206 -981 0
-206 -986 0
-206 -991 0
-206 996 0
-206 -1001 0
-206 -1006 0
-206 1011 0
-207 -977 0
-207 -982 0
-207 -987 0
-207 -992 0
-207 997 0
-207 -1002 0
-207 -1007 0
-207 1012 0
-10 208 209 210 211 212 0
-208 -973 0
-208 -978 0
-208 -983 0
-208 -988 0
-208 993 0
-208 -998 0
-208 1003 0
-208 -1008 0
-209 -974 0
-209 -979 0
-209 -984 0
-209 -989 0
-209 994 0
-209 -999 0
-209 1004 0
-209 -1009 0
-210 -975 0
-210 -980 0
-210 -985 0
-210 -990 0
-210 995 0
-210 -1000 0
-210 1005 0
-210 -1010 0
-211 -976 0
-211 -981 0
-211 -986 0
-211 -991 0
-211 996 0
-211 -1001 0
-211 1006 0
-211 -1011 0
-212 -977 0
-212 -982 0
-212 -987 0
-212 -992 0
-212 997 0
-212 -1002 0
-212 1007 0
-212 -1012 0
-11 213 214 215 216 217 0
-213 -973 0
-213 -978 0
-213 -983 0
-213 -988 0
-213 993 0
-213 -998 0
-213 1003 0
-213 1008 0
-214 -974 0
-214 -979 0
-214 -984 0
-214 -989 0
-214 994 0
-214 -999 0
-214 1004 0
-214 1009 0
-215 -975 0
-215 -980 0
-215 -985 0
-215 -990 0
-215 995 0
-215 -1000 0
-215 1005 0
-215 1010 0
-216 -976 0
-216 -981 0
-216 -986 0
-216 -991 0
-216 996 0
-216 -1001 0
-216 1006 0
-216 1011 0
-217 -977 0
-217 -982 0
-217 -987 0
-217 -992 0
-217 997 0
-217 -1002 0
-217 1007 0
-217 1012 0
-12 218 219 220 221 222 0
-218 -973 0
-218 -978 0
-218 -983 0
-218 -988 0
-218 993 0
-218 998 0
-218 -1003 0
-218 -1008 0
-219 -974 0
-219 -979 0
-219 -984 0
-219 -989 0
-219 994 0
-219 999 0
-219 -1004 0
-219 -1009 0
-220 -975 0
-220 -980 0
-220 -985 0
-220 -990 0
-220 995 0
-220 1000 0
-220 -1005 0
-220 -1010 0
-221 -976 0
-221 -981 0
-221 -986 0
-221 -991 0
-221 996 0
-221 1001 0
-221 -1006 0
-221 -1011 0
-222 -977 0
-222 -982 0
-222 -987 0
-222 -992 0
-222 997 0
-222 1002 0
-222 -1007 0
-222 -1012 0
-13 223 224 225 226 227 0
-223 -973 0
-223 -978 0
-223 -983 0
-223 -988 0
-223 993 0
-223 998 0
-223 -1003 0
-223 1008 0
-224 -974 0
-224 -979 0
-224 -984 0
-224 -989 0
-224 994 0
-224 999 0
-224 -1004 0
-224 1009 0
-225 -975 0
-225 -980 0
-225 -985 0
-225 -990 0
-225 995 0
-225 1000 0
-225 -1005 0
-225 1010 0
-226 -976 0
-226 -981 0
-226 -986 0
-226 -991 0
-226 996 0
-226 1001 0
-226 -1006 0
-226 1011 0
-227 -977 0
-227 -982 0
-227 -987 0
-227 -992 0
-227 997 0
-227 1002 0
-227 -1007 0
-227 1012 0
-14 228 229 230 231 232 0
-228 -973 0
-228 -978 0
-228 -983 0
-228 -988 0
-228 993 0
-228 998 0
-228 1003 0
-228 -1008 0
-229 -974 0
-229 -979 0
-229 -984 0
-229 -989 0
-229 994 0
-229 999 0
-229 1004 0
-229 -1009 0
-230 -975 0
-230 -980 0
-230 -985 0
-230 -990 0
-230 995 0
-230 1000 0
-230 1005 0
-230 -1010 0
-231 -976 0
-231 -981 0
-231 -986 0
-231 -991 0
-231 996 0
-231 1001 0
-231 1006 0
-231 -1011 0
-232 -977 0
-232 -982 0
-232 -987 0
-232 -992 0
-232 997 0
-232 1002 0
-232 1007 0
-232 -1012 0
-15 233 234 235 236 237 0
-233 -973 0
-233 -978 0
-233 -983 0
-233 -988 0
-233 993 0
-233 998 0
-233 1003 0
-233 1008 0
-234 -974 0
-234 -979 0
-234 -984 0
-234 -989 0
-234 994 0
-234 999 0
-234 1004 0
-234 1009 0
-235 -975 0
-235 -980 0
-235 -985 0
-235 -990 0
-235 995 0
-235 1000 0
-235 1005 0
-235 1010 0
-236 -976 0
-236 -981 0
-236 -986 0
-236 -991 0
-236 996 0
-236 1001 0
-236 1006 0
-236 1011 0
-237 -977 0
-237 -982 0
-237 -987 0
-237 -992 0
-237 997 0
-237 1002 0
-237 1007 0
-237 1012 0
-16 238 239 240 241 242 0
-238 -973 0
-238 -978 0
-238 -983 0
-238 988 0
-238 -993 0
-238 -998 0
-238 -1003 0
-238 -1008 0
-239 -974 0
-239 -979 0
-239 -984 0
-239 989 0
-239 -994 0
-239 -999 0
-239 -1004 0
-239 -1009 0
-240 -975 0
-240 -980 0
-240 -985 0
-240 990 0
-240 -995 0
-240 -1000 0
-240 -1005 0
-240 -1010 0
-241 -976 0
-241 -981 0
-241 -986 0
-241 991 0
-241 -996 0
-241 -1001 0
-241 -1006 0
-241 -1011 0
-242 -977 0
-242 -982 0
-242 -987 0
-242 992 0
-242 -997 0
-242 -1002 0
-242 -1007 0
-242 -1012 0
-17 243 244 245 246 247 0
-243 -973 0
-243 -978 0
-243 -983 0
-243 988 0
-243 -993 0
-243 -998 0
-243 -1003 0
-243 1008 0
-244 -974 0
-244 -979 0
-244 -984 0
-244 989 0
-244 -994 0
-244 -999 0
-244 -1004 0
-244 1009 0
-245 -975 0
-245 -980 0
-245 -985 0
-245 990 0
-245 -995 0
-245 -1000 0
-245 -1005 0
-245 1010 0
-246 -976 0
-246 -981 0
-246 -986 0
-246 991 0
-246 -996 0
-246 -1001 0
-246 -1006 0
-246 1011 0
-247 -977 0
-247 -982 0
-247 -987 0
-247 992 0
-247 -997 0
-247 -1002 0
-247 -1007 0
-247 1012 0
-18 248 249 250 251 252 0
-248 -973 0
-248 -978 0
-248 -983 0
-248 988 0
-248 -993 0
-248 -998 0
-248 1003 0
-248 -1008 0
-249 -974 0
-249 -979 0
-249 -984 0
-249 989 0
-249 -994 0
-249 -999 0
-249 1004 0
-249 -1009 0
-250 -975 0
-250 -980 0
-250 -985 0
-250 990 0
-250 -995 0
-250 -1000 0
-250 1005 0
-250 -1010 0
-251 -976 0
-251 -981 0
-251 -986 0
-251 991 0
-251 -996 0
-251 -1001 0
-251 1006 0
-251 -1011 0
-252 -977 0
-252 -982 0
-252 -987 0
-252 992 0
-252 -997 0
-252 -1002 0
-252 1007 0
-252 -1012 0
-19 253 254 255 256 257 0
-253 -973 0
-253 -978 0
-253 -983 0
-253 988 0
-253 -993 0
-253 -998 0
-253 1003 0
-253 1008 0
-254 -974 0
-254 -979 0
-254 -984 0
-254 989 0
-254 -994 0
-254 -999 0
-254 1004 0
-254 1009 0
-255 -975 0
-255 -980 0
-255 -985 0
-255 990 0
-255 -995 0
-255 -1000 0
-255 1005 0
-255 1010 0
-256 -976 0
-256 -981 0
-256 -986 0
-256 991 0
-256 -996 0
-256 -1001 0
-256 1006 0
-256 1011 0
-257 -977 0
-257 -982 0
-257 -987 0
-257 992 0
-257 -997 0
-257 -1002 0
-257 1007 0
-257 1012 0
-20 258 259 260 261 262 0
-258 -973 0
-258 -978 0
-258 -983 0
-258 988 0
-258 -993 0
-258 998 0
-258 -1003 0
-258 -1008 0
-259 -974 0
-259 -979 0
-259 -984 0
-259 989 0
-259 -994 0
-259 999 0
-259 -1004 0
-259 -1009 0
-260 -975 0
-260 -980 0
-260 -985 0
-260 990 0
-260 -995 0
-260 1000 0
-260 -1005 0
-260 -1010 0
-261 -976 0
-261 -981 0
-261 -986 0
-261 991 0
-261 -996 0
-261 1001 0
-261 -1006 0
-261 -1011 0
-262 -977 0
-262 -982 0
-262 -987 0
-262 992 0
-262 -997 0
-262 1002 0
-262 -1007 0
-262 -1012 0
-21 263 264 265 266 267 0
-263 -973 0
-263 -978 0
-263 -983 0
-263 988 0
-263 -993 0
-263 998 0
-263 -1003 0
-263 1008 0
-264 -974 0
-264 -979 0
-264 -984 0
-264 989 0
-264 -994 0
-264 999 0
-264 -1004 0
-264 1009 0
-265 -975 0
-265 -980 0
-265 -985 0
-265 990 0
-265 -995 0
-265 1000 0
-265 -1005 0
-265 1010 0
-266 -976 0
-266 -981 0
-266 -986 0
-266 991 0
-266 -996 0
-266 1001 0
-266 -1006 0
-266 1011 0
-267 -977 0
-267 -982 0
-267 -987 0
-267 992 0
-267 -997 0
-267 1002 0
-267 -1007 0
-267 1012 0
-22 268 269 270 271 272 0
-268 -973 0
-268 -978 0
-268 -983 0
-268 988 0
-268 -993 0
-268 998 0
-268 1003 0
-268 -1008 0
-269 -974 0
-269 -979 0
-269 -984 0
-269 989 0
-269 -994 0
-269 999 0
-269 1004 0
-269 -1009 0
-270 -975 0
-270 -980 0
-270 -985 0
-270 990 0
-270 -995 0
-270 1000 0
-270 1005 0
-270 -1010 0
-271 -976 0
-271 -981 0
-271 -986 0
-271 991 0
-271 -996 0
-271 1001 0
-271 1006 0
-271 -1011 0
-272 -977 0
-272 -982 0
-272 -987 0
-272 992 0
-272 -997 0
-272 1002 0
-272 1007 0
-272 -1012 0
-23 273 274 275 276 277 0
-273 -973 0
-273 -978 0
-273 -983 0
-273 988 0
-273 -993 0
-273 998 0
-273 1003 0
-273 1008 0
-274 -974 0
-274 -979 0
-274 -984 0
-274 989 0
-274 -994 0
-274 999 0
-274 1004 0
-274 1009 0
-275 -975 0
-275 -980 0
-275 -985 0
-275 990 0
-275 -995 0
-275 1000 0
-275 1005 0
-275 1010 0
-276 -976 0
-276 -981 0
-276 -986 0
-276 991 0
-276 -996 0
-276 1001 0
-276 1006 0
-276 1011 0
-277 -977 0
-277 -982 0
-277 -987 0
-277 992 0
-277 -997 0
-277 1002 0
-277 1007 0
-277 1012 0
-24 278 279 280 281 282 0
-278 -973 0
-278 -978 0
-278 -983 0
-278 988 0
-278 993 0
-278 -998 0
-278 -1003 0
-278 -1008 0
-279 -974 0
-279 -979 0
-279 -984 0
-279 989 0
-279 994 0
-279 -999 0
-279 -1004 0
-279 -1009 0
-280 -975 0
-280 -980 0
-280 -985 0
-280 990 0
-280 995 0
-280 -1000 0
-280 -1005 0
-280 -1010 0
-281 -976 0
-281 -981 0
-281 -986 0
-281 991 0
-281 996 0
-281 -1001 0
-281 -1006 0
-281 -1011 0
-282 -977 0
-282 -982 0
-282 -987 0
-282 992 0
-282 997 0
-282 -1002 0
-282 -1007 0
-282 -1012 0
-25 283 284 285 286 287 0
-283 -973 0
-283 -978 0
-283 -983 0
-283 988 0
-283 993 0
-283 -998 0
-283 -1003 0
-283 1008 0
-284 -974 0
-284 -979 0
-284 -984 0
-284 989 0
-284 994 0
-284 -999 0
-284 -1004 0
-284 1009 0
-285 -975 0
-285 -980 0
-285 -985 0
-285 990 0
-285 995 0
-285 -1000 0
-285 -1005 0
-285 1010 0
-286 -976 0
-286 -981 0
-286 -986 0
-286 991 0
-286 996 0
-286 -1001 0
-286 -1006 0
-286 1011 0
-287 -977 0
-287 -982 0
-287 -987 0
-287 992 0
-287 997 0
-287 -1002 0
-287 -1007 0
-287 1012 0
-26 288 289 290 291 292 0
-288 -973 0
-288 -978 0
-288 -983 0
-288 988 0
-288 993 0
-288 -998 0
-288 1003 0
-288 -1008 0
-289 -974 0
-289 -979 0
-289 -984 0
-289 989 0
-289 994 0
-289 -999 0
-289 1004 0
-289 -1009 0
-290 -975 0
-290 -980 0
-290 -985 0
-290 990 0
-290 995 0
-290 -1000 0
-290 1005 0
-290 -1010 0
-291 -976 0
-291 -981 0
-291 -986 0
-291 991 0
-291 996 0
-291 -1001 0
-291 1006 0
-291 -1011 0
-292 -977 0
-292 -982 0
-292 -987 0
-292 992 0
-292 997 0
-292 -1002 0
-292 1007 0
-292 -1012 0
-27 293 294 295 296 297 0
-293 -973 0
-293 -978 0
-293 -983 0
-293 988 0
-293 993 0
-293 -998 0
-293 1003 0
-293 1008 0
-294 -974 0
-294 -979 0
-294 -984 0
-294 989 0
-294 994 0
-294 -999 0
-294 1004 0
-294 1009 0
-295 -975 0
-295 -980 0
-295 -985 0
-295 990 0
-295 995 0
-295 -1000 0
-295 1005 0
-295 1010 0
-296 -976 0
-296 -981 0
-296 -986 0
-296 991 0
-296 996 0
-296 -1001 0
-296 1006 0
-296 1011 0
-297 -977 0
-297 -982 0
-297 -987 0
-297 992 0
-297 997 0
-297 -1002 0
-297 1007 0
-297 1012 0
-28 298 299 300 301 302 0
-298 -973 0
-298 -978 0
-298 -983 0
-298 988 0
-298 993 0
-298 998 0
-298 -1003 0
-298 -1008 0
-299 -974 0
-299 -979 0
-299 -984 0
-299 989 0
-299 994 0
-299 999 0
-299 -1004 0
-299 -1009 0
-300 -975 0
-300 -980 0
-300 -985 0
-300 990 0
-300 995 0
-300 1000 0
-300 -1005 0
-300 -1010 0
-301 -976 0
-301 -981 0
-301 -986 0
-301 991 0
-301 996 0
-301 1001 0
-301 -1006 0
-301 -1011 0
-302 -977 0
-302 -982 0
-302 -987 0
-302 992 0
-302 997 0
-302 1002 0
-302 -1007 0
-302 -1012 0
-29 303 304 305 306 307 0
-303 -973 0
-303 -978 0
-303 -983 0
-303 988 0
-303 993 0
-303 998 0
-303 -1003 0
-303 1008 0
-304 -974 0
-304 -979 0
-304 -984 0
-304 989 0
-304 994 0
-304 999 0
-304 -1004 0
-304 1009 0
-305 -975 0
-305 -980 0
-305 -985 0
-305 990 0
-305 995 0
-305 1000 0
-305 -1005 0
-305 1010 0
-306 -976 0
-306 -981 0
-306 -986 0
-306 991 0
-306 996 0
-306 1001 0
-306 -1006 0
-306 1011 0
-307 -977 0
-307 -982 0
-307 -987 0
-307 992 0
-307 997 0
-307 1002 0
-307 -1007 0
-307 1012 0
-30 308 309 310 311 312 0
-308 -973 0
-308 -978 0
-308 -983 0
-308 988 0
-308 993 0
-308 998 0
-308 1003 0
-308 -1008 0
-309 -974 0
-309 -979 0
-309 -984 0
-309 989 0
-309 994 0
-309 999 0
-309 1004 0
-309 -1009 0
-310 -975 0
-310 -980 0
-310 -985 0
-310 990 0
-310 995 0
-310 1000 0
-310 1005 0
-310 -1010 0
-311 -976 0
-311 -981 0
-311 -986 0
-311 991 0
-311 996 0
-311 1001 0
-311 1006 0
-311 -1011 0
-312 -977 0
-312 -982 0
-312 -987 0
-312 992 0
-312 997 0
-312 1002 0
-312 1007 0
-312 -1012 0
-31 313 314 315 316 317 0
-313 -973 0
-313 -978 0
-313 -983 0
-313 988 0
-313 993 0
-313 998 0
-313 1003 0
-313 1008 0
-314 -974 0
-314 -979 0
-314 -984 0
-314 989 0
-314 994 0
-314 999 0
-314 1004 0
-314 1009 0
-315 -975 0
-315 -980 0
-315 -985 0
-315 990 0
-315 995 0
-315 1000 0
-315 1005 0
-315 1010 0
-316 -976 0
-316 -981 0
-316 -986 0
-316 991 0
-316 996 0
-316 1001 0
-316 1006 0
-316 1011 0
-317 -977 0
-317 -982 0
-317 -987 0
-317 992 0
-317 997 0
-317 1002 0
-317 1007 0
-317 1012 0
-32 318 319 320 321 322 0
-318 -973 0
-318 -978 0
-318 983 0
-318 -988 0
-318 -993 0
-318 -998 0
-318 -1003 0
-318 -1008 0
-319 -974 0
-319 -979 0
-319 984 0
-319 -989 0
-319 -994 0
-319 -999 0
-319 -1004 0
-319 -1009 0
-320 -975 0
-320 -980 0
-320 985 0
-320 -990 0
-320 -995 0
-320 -1000 0
-320 -1005 0
-320 -1010 0
-321 -976 0
-321 -981 0
-321 986 0
-321 -991 0
-321 -996 0
-321 -1001 0
-321 -1006 0
-321 -1011 0
-322 -977 0
-322 -982 0
-322 987 0
-322 -992 0
-322 -997 0
-322 -1002 0
-322 -1007 0
-322 -1012 0
-33 323 324 325 326 327 0
-323 -973 0
-323 -978 0
-323 983 0
-323 -988 0
-323 -993 0
-323 -998 0
-323 -1003 0
-323 1008 0
-324 -974 0
-324 -979 0
-324 984 0
-324 -989 0
-324 -994 0
-324 -999 0
-324 -1004 0
-324 1009 0
-325 -975 0
-325 -980 0
-325 985 0
-325 -990 0
-325 -995 0
-325 -1000 0
-325 -1005 0
-325 1010 0
-326 -976 0
-326 -981 0
-326 986 0
-326 -991 0
-326 -996 0
-326 -1001 0
-326 -1006 0
-326 1011 0
-327 -977 0
-327 -982 0
-327 987 0
-327 -992 0
-327 -997 0
-327 -1002 0
-327 -1007 0
-327 1012 0
-34 328 329 330 331 332 0
-328 -973 0
-328 -978 0
-328 983 0
-328 -988 0
-328 -993 0
-328 -998 0
-328 1003 0
-328 -1008 0
-329 -974 0
-329 -979 0
-329 984 0
-329 -989 0
-329 -994 0
-329 -999 0
-329 1004 0
-329 -1009 0
-330 -975 0
-330 -980 0
-330 985 0
-330 -990 0
-330 -995 0
-330 -1000 0
-330 1005 0
-330 -1010 0
-331 -976 0
-331 -981 0
-331 986 0
-331 -991 0
-331 -996 0
-331 -1001 0
-331 1006 0
-331 -1011 0
-332 -977 0
-332 -982 0
-332 987 0
-332 -992 0
-332 -997 0
-332 -1002 0
-332 1007 0
-332 -1012 0
-35 333 334 335 336 337 0
-333 -973 0
-333 -978 0
-333 983 0
-333 -988 0
-333 -993 0
-333 -998 0
-333 1003 0
-333 1008 0
-334 -974 0
-334 -979 0
-334 984 0
-334 -989 0
-334 -994 0
-334 -999 0
-334 1004 0
-334 1009 0
-335 -975 0
-335 -980 0
-335 985 0
-335 -990 0
-335 -995 0
-335 -1000 0
-335 1005 0
-335 1010 0
-336 -976 0
-336 -981 0
-336 986 0
-336 -991 0
-336 -996 0
-336 -1001 0
-336 1006 0
-336 1011 0
-337 -977 0
-337 -982 0
-337 987 0
-337 -992 0
-337 -997 0
-337 -1002 0
-337 1007 0
-337 1012 0
-36 338 339 340 341 342 0
-338 -973 0
-338 -978 0
-338 983 0
-338 -988 0
-338 -993 0
-338 998 0
-338 -1003 0
-338 -1008 0
-339 -974 0
-339 -979 0
-339 984 0
-339 -989 0
-339 -994 0
-339 999 0
-339 -1004 0
-339 -1009 0
-340 -975 0
-340 -980 0
-340 985 0
-340 -990 0
-340 -995 0
-340 1000 0
-340 -1005 0
-340 -1010 0
-341 -976 0
-341 -981 0
-341 986 0
-341 -991 0
-341 -996 0
-341 1001 0
-341 -1006 0
-341 -1011 0
-342 -977 0
-342 -982 0
-342 987 0
-342 -992 0
-342 -997 0
-342 1002 0
-342 -1007 0
-342 -1012 0
-37 343 344 345 346 347 0
-343 -973 0
-343 -978 0
-343 983 0
-343 -988 0
-343 -993 0
-343 998 0
-343 -1003 0
-343 1008 0
-344 -974 0
-344 -979 0
-344 984 0
-344 -989 0
-344 -994 0
-344 999 0
-344 -1004 0
-344 1009 0
-345 -975 0
-345 -980 0
-345 985 0
-345 -990 0
-345 -995 0
-345 1000 0
-345 -1005 0
-345 1010 0
-346 -976 0
-346 -981 0
-346 986 0
-346 -991 0
-346 -996 0
-346 1001 0
-346 -1006 0
-346 1011 0
-347 -977 0
-347 -982 0
-347 987 0
-347 -992 0
-347 -997 0
-347 1002 0
-347 -1007 0
-347 1012 0
-38 348 349 350 351 352 0
-348 -973 0
-348 -978 0
-348 983 0
-348 -988 0
-348 -993 0
-348 998 0
-348 1003 0
-348 -1008 0
-349 -974 0
-349 -979 0
-349 984 0
-349 -989 0
-349 -994 0
-349 999 0
-349 1004 0
-349 -1009 0
-350 -975 0
-350 -980 0
-350 985 0
-350 -990 0
-350 -995 0
-350 1000 0
-350 1005 0
-350 -1010 0
-351 -976 0
-351 -981 0
-351 986 0
-351 -991 0
-351 -996 0
-351 1001 0
-351 1006 0
-351 -1011 0
-352 -977 0
-352 -982 0
-352 987 0
-352 -992 0
-352 -997 0
-352 1002 0
-352 1007 0
-352 -1012 0
-39 353 354 355 356 357 0
-353 -973 0
-353 -978 0
-353 983 0
-353 -988 0
-353 -993 0
-353 998 0
-353 1003 0
-353 1008 0
-354 -974 0
-354 -979 0
-354 984 0
-354 -989 0
-354 -994 0
-354 999 0
-354 1004 0
-354 1009 0
-355 -975 0
-355 -980 0
-355 985 0
-355 -990 0
-355 -995 0
-355 1000 0
-355 1005 0
-355 1010 0
-356 -976 0
-356 -981 0
-356 986 0
-356 -991 0
-356 -996 0
-356 1001 0
-356 1006 0
-356 1011 0
-357 -977 0
-357 -982 0
-357 987 0
-357 -992 0
-357 -997 0
-357 1002 0
-357 1007 0
-357 1012 0
-40 358 359 360 361 362 0
-358 -973 0
-358 -978 0
-358 983 0
-358 -988 0
-358 993 0
-358 -998 0
-358 -1003 0
-358 -1008 0
-359 -974 0
-359 -979 0
-359 984 0
-359 -989 0
-359 994 0
-359 -999 0
-359 -1004 0
-359 -1009 0
-360 -975 0
-360 -980 0
-360 985 0
-360 -990 0
-360 995 0
-360 -1000 0
-360 -1005 0
-360 -1010 0
-361 -976 0
-361 -981 0
-361 986 0
-361 -991 0
-361 996 0
-361 -1001 0
-361 -1006 0
-361 -1011 0
-362 -977 0
-362 -982 0
-362 987 0
-362 -992 0
-362 997 0
-362 -1002 0
-362 -1007 0
-362 -1012 0
-41 363 364 365 366 367 0
-363 -973 0
-363 -978 0
-363 983 0
-363 -988 0
-363 993 0
-363 -998 0
-363 -1003 0
-363 1008 0
-364 -974 0
-364 -979 0
-364 984 0
-364 -989 0
-364 994 0
-364 -999 0
-364 -1004 0
-364 1009 0
-365 -975 0
-365 -980 0
-365 985 0
-365 -990 0
-365 995 0
-365 -1000 0
-365 -1005 0
-365 1010 0
-366 -976 0
-366 -981 0
-366 986 0
-366 -991 0
-366 996 0
-366 -1001 0
-366 -1006 0
-366 1011 0
-367 -977 0
-367 -982 0
-367 987 0
-367 -992 0
-367 997 0
-367 -1002 0
-367 -1007 0
-367 1012 0
-42 368 369 370 371 372 0
-368 -973 0
-368 -978 0
-368 983 0
-368 -988 0
-368 993 0
-368 -998 0
-368 1003 0
-368 -1008 0
-369 -974 0
-369 -979 0
-369 984 0
-369 -989 0
-369 994 0
-369 -999 0
-369 1004 0
-369 -1009 0
-370 -975 0
-370 -980 0
-370 985 0
-370 -990 0
-370 995 0
-370 -1000 0
-370 1005 0
-370 -1010 0
-371 -976 0
-371 -981 0
-371 986 0
-371 -991 0
-371 996 0
-371 -1001 0
-371 1006 0
-371 -1011 0
-372 -977 0
-372 -982 0
-372 987 0
-372 -992 0
-372 997 0
-372 -1002 0
-372 1007 0
-372 -1012 0
-43 373 374 375 376 377 0
-373 -973 0
-373 -978 0
-373 983 0
-373 -988 0
-373 993 0
-373 -998 0
-373 1003 0
-373 1008 0
-374 -974 0
-374 -979 0
-374 984 0
-374 -989 0
-374 994 0
-374 -999 0
-374 1004 0
-374 1009 0
-375 -975 0
-375 -980 0
-375 985 0
-375 -990 0
-375 995 0
-375 -1000 0
-375 1005 0
-375 1010 0
-376 -976 0
-376 -981 0
-376 986 0
-376 -991 0
-376 996 0
-376 -1001 0
-376 1006 0
-376 1011 0
-377 -977 0
-377 -982 0
-377 987 0
-377 -992 0
-377 997 0
-377 -1002 0
-377 1007 0
-377 1012 0
-44 378 379 380 381 382 0
-378 -973 0
-378 -978 0
-378 983 0
-378 -988 0
-378 993 0
-378 998 0
-378 -1003 0
-378 -1008 0
-379 -974 0
-379 -979 0
-379 984 0
-379 -989 0
-379 994 0
-379 999 0
-379 -1004 0
-379 -1009 0
-380 -975 0
-380 -980 0
-380 985 0
-380 -990 0
-380 995 0
-380 1000 0
-380 -1005 0
-380 -1010 0
-381 -976 0
-381 -981 0
-381 986 0
-381 -991 0
-381 996 0
-381 1001 0
-381 -1006 0
-381 -1011 0
-382 -977 0
-382 -982 0
-382 987 0
-382 -992 0
-382 997 0
-382 1002 0
-382 -1007 0
-382 -1012 0
-45 383 384 385 386 387 0
-383 -973 0
-383 -978 0
-383 983 0
-383 -988 0
-383 993 0
-383 998 0
-383 -1003 0
-383 1008 0
-384 -974 0
-384 -979 0
-384 984 0
-384 -989 0
-384 994 0
-384 999 0
-384 -1004 0
-384 1009 0
-385 -975 0
-385 -980 0
-385 985 0
-385 -990 0
-385 995 0
-385 1000 0
-385 -1005 0
-385 1010 0
-386 -976 0
-386 -981 0
-386 986 0
-386 -991 0
-386 996 0
-386 1001 0
-386 -1006 0
-386 1011 0
-387 -977 0
-387 -982 0
-387 987 0
-387 -992 0
-387 997 0
-387 1002 0
-387 -1007 0
-387 1012 0
-46 388 389 390 391 392 0
-388 -973 0
-388 -978 0
-388 983 0
-388 -988 0
-388 993 0
-388 998 0
-388 1003 0
-388 -1008 0
-389 -974 0
-389 -979 0
-389 984 0
-389 -989 0
-389 994 0
-389 999 0
-389 1004 0
-389 -1009 0
-390 -975 0
-390 -980 0
-390 985 0
-390 -990 0
-390 995 0
-390 1000 0
-390 1005 0
-390 -1010 0
-391 -976 0
-391 -981 0
-391 986 0
-391 -991 0
-391 996 0
-391 1001 0
-391 1006 0
-391 -1011 0
-392 -977 0
-392 -982 0
-392 987 0
-392 -992 0
-392 997 0
-392 1002 0
-392 1007 0
-392 -1012 0
-47 393 394 395 396 397 0
-393 -973 0
-393 -978 0
-393 983 0
-393 -988 0
-393 993 0
-393 998 0
-393 1003 0
-393 1008 0
-394 -974 0
-394 -979 0
-394 984 0
-394 -989 0
-394 994 0
-394 999 0
-394 1004 0
-394 1009 0
-395 -975 0
-395 -980 0
-395 985 0
-395 -990 0
-395 995 0
-395 1000 0
-395 1005 0
-395 1010 0
-396 -976 0
-396 -981 0
-396 986 0
-396 -991 0
-396 996 0
-396 1001 0
-396 1006 0
-396 1011 0
-397 -977 0
-397 -982 0
-397 987 0
-397 -992 0
-397 997 0
-397 1002 0
-397 1007 0
-397 1012 0
-48 398 399 400 401 402 0
-398 -973 0
-398 -978 0
-398 983 0
-398 988 0
-398 -993 0
-398 -998 0
-398 -1003 0
-398 -1008 0
-399 -974 0
-399 -979 0
-399 984 0
-399 989 0
-399 -994 0
-399 -999 0
-399 -1004 0
-399 -1009 0
-400 -975 0
-400 -980 0
-400 985 0
-400 990 0
-400 -995 0
-400 -1000 0
-400 -1005 0
-400 -1010 0
-401 -976 0
-401 -981 0
-401 986 0
-401 991 0
-401 -996 0
-401 -1001 0
-401 -1006 0
-401 -1011 0
-402 -977 0
-402 -982 0
-402 987 0
-402 992 0
-402 -997 0
-402 -1002 0
-402 -1007 0
-402 -1012 0
-49 403 404 405 406 407 0
-403 -973 0
-403 -978 0
-403 983 0
-403 988 0
-403 -993 0
-403 -998 0
-403 -1003 0
-403 1008 0
-404 -974 0
-404 -979 0
-404 984 0
-404 989 0
-404 -994 0
-404 -999 0
-404 -1004 0
-404 1009 0
-405 -975 0
-405 -980 0
-405 985 0
-405 990 0
-405 -995 0
-405 -1000 0
-405 -1005 0
-405 1010 0
-406 -976 0
-406 -981 0
-406 986 0
-406 991 0
-406 -996 0
-406 -1001 0
-406 -1006 0
-406 1011 0
-407 -977 0
-407 -982 0
-407 987 0
-407 992 0
-407 -997 0
-407 -1002 0
-407 -1007 0
-407 1012 0
-50 408 409 410 411 412 0
-408 -973 0
-408 -978 0
-408 983 0
-408 988 0
-408 -993 0
-408 -998 0
-408 1003 0
-408 -1008 0
-409 -974 0
-409 -979 0
-409 984 0
-409 989 0
-409 -994 0
-409 -999 0
-409 1004 0
-409 -1009 0
-410 -975 0
-410 -980 0
-410 985 0
-410 990 0
-410 -995 0
-410 -1000 0
-410 1005 0
-410 -1010 0
-411 -976 0
-411 -981 0
-411 986 0
-411 991 0
-411 -996 0
-411 -1001 0
-411 1006 0
-411 -1011 0
-412 -977 0
-412 -982 0
-412 987 0
-412 992 0
-412 -997 0
-412 -1002 0
-412 1007 0
-412 -1012 0
-51 413 414 415 416 417 0
-413 -973 0
-413 -978 0
-413 983 0
-413 988 0
-413 -993 0
-413 -998 0
-413 1003 0
-413 1008 0
-414 -974 0
-414 -979 0
-414 984 0
-414 989 0
-414 -994 0
-414 -999 0
-414 1004 0
-414 1009 0
-415 -975 0
-415 -980 0
-415 985 0
-415 990 0
-415 -995 0
-415 -1000 0
-415 1005 0
-415 1010 0
-416 -976 0
-416 -981 0
-416 986 0
-416 991 0
-416 -996 0
-416 -1001 0
-416 1006 0
-416 1011 0
-417 -977 0
-417 -982 0
-417 987 0
-417 992 0
-417 -997 0
-417 -1002 0
-417 1007 0
-417 1012 0
-52 418 419 420 421 422 0
-418 -973 0
-418 -978 0
-418 983 0
-418 988 0
-418 -993 0
-418 998 0
-418 -1003 0
-418 -1008 0
-419 -974 0
-419 -979 0
-419 984 0
-419 989 0
-419 -994 0
-419 999 0
-419 -1004 0
-419 -1009 0
-420 -975 0
-420 -980 0
-420 985 0
-420 990 0
-420 -995 0
-420 1000 0
-420 -1005 0
-420 -1010 0
-421 -976 0
-421 -981 0
-421 986 0
-421 991 0
-421 -996 0
-421 1001 0
-421 -1006 0
-421 -1011 0
-422 -977 0
-422 -982 0
-422 987 0
-422 992 0
-422 -997 0
-422 1002 0
-422 -1007 0
-422 -1012 0
-53 423 424 425 426 427 0
-423 -973 0
-423 -978 0
-423 983 0
-423 988 0
-423 -993 0
-423 998 0
-423 -1003 0
-423 1008 0
-424 -974 0
-424 -979 0
-424 984 0
-424 989 0
-424 -994 0
-424 999 0
-424 -1004 0
-424 1009 0
-425 -975 0
-425 -980 0
-425 985 0
-425 990 0
-425 -995 0
-425 1000 0
-425 -1005 0
-425 1010 0
-426 -976 0
-426 -981 0
-426 986 0
-426 991 0
-426 -996 0
-426 1001 0
-426 -1006 0
-426 1011 0
-427 -977 0
-427 -982 0
-427 987 0
-427 992 0
-427 -997 0
-427 1002 0
-427 -1007 0
-427 1012 0
-54 428 429 430 431 432 0
-428 -973 0
-428 -978 0
-428 983 0
-428 988 0
-428 -993 0
-428 998 0
-428 1003 0
-428 -1008 0
-429 -974 0
-429 -979 0
-429 984 0
-429 989 0
-429 -994 0
-429 999 0
-429 1004 0
-429 -1009 0
-430 -975 0
-430 -980 0
-430 985 0
-430 990 0
-430 -995 0
-430 1000 0
-430 1005 0
-430 -1010 0
-431 -976 0
-431 -981 0
-431 986 0
-431 991 0
-431 -996 0
-431 1001 0
-431 1006 0
-431 -1011 0
-432 -977 0
-432 -982 0
-432 987 0
-432 992 0
-432 -997 0
-432 1002 0
-432 1007 0
-432 -1012 0
-55 433 434 435 436 437 0
-433 -973 0
-433 -978 0
-433 983 0
-433 988 0
-433 -993 0
-433 998 0
-433 1003 0
-433 1008 0
-434 -974 0
-434 -979 0
-434 984 0
-434 989 0
-434 -994 0
-434 999 0
-434 1004 0
-434 1009 0
-435 -975 0
-435 -980 0
-435 985 0
-435 990 0
-435 -995 0
-435 1000 0
-435 1005 0
-435 1010 0
-436 -976 0
-436 -981 0
-436 986 0
-436 991 0
-436 -996 0
-436 1001 0
-436 1006 0
-436 1011 0
-437 -977 0
-437 -982 0
-437 987 0
-437 992 0
-437 -997 0
-437 1002 0
-437 1007 0
-437 1012 0
-56 438 439 440 441 442 0
-438 -973 0
-438 -978 0
-438 983 0
-438 988 0
-438 993 0
-438 -998 0
-438 -1003 0
-438 -1008 0
-439 -974 0
-439 -979 0
-439 984 0
-439 989 0
-439 994 0
-439 -999 0
-439 -1004 0
-439 -1009 0
-440 -975 0
-440 -980 0
-440 985 0
-440 990 0
-440 995 0
-440 -1000 0
-440 -1005 0
-440 -1010 0
-441 -976 0
-441 -981 0
-441 986 0
-441 991 0
-441 996 0
-441 -1001 0
-441 -1006 0
-441 -1011 0
-442 -977 0
-442 -982 0
-442 987 0
-442 992 0
-442 997 0
-442 -1002 0
-442 -1007 0
-442 -1012 0
-57 443 444 445 446 447 0
-443 -973 0
-443 -978 0
-443 983 0
-443 988 0
-443 993 0
-443 -998 0
-443 -1003 0
-443 1008 0
-444 -974 0
-444 -979 0
-444 984 0
-444 989 0
-444 994 0
-444 -999 0
-444 -1004 0
-444 1009 0
-445 -975 0
-445 -980 0
-445 985 0
-445 990 0
-445 995 0
-445 -1000 0
-445 -1005 0
-445 1010 0
-446 -976 0
-446 -981 0
-446 986 0
-446 991 0
-446 996 0
-446 -1001 0
-446 -1006 0
-446 1011 0
-447 -977 0
-447 -982 0
-447 987 0
-447 992 0
-447 997 0
-447 -1002 0
-447 -1007 0
-447 1012 0
-58 448 449 450 451 452 0
-448 -973 0
-448 -978 0
-448 983 0
-448 988 0
-448 993 0
-448 -998 0
-448 1003 0
-448 -1008 0
-449 -974 0
-449 -979 0
-449 984 0
-449 989 0
-449 994 0
-449 -999 0
-449 1004 0
-449 -1009 0
-450 -975 0
-450 -980 0
-450 985 0
-450 990 0
-450 995 0
-450 -1000 0
-450 1005 0
-450 -1010 0
-451 -976 0
-451 -981 0
-451 986 0
-451 991 0
-451 996 0
-451 -1001 0
-451 1006 0
-451 -1011 0
-452 -977 0
-452 -982 0
-452 987 0
-452 992 0
-452 997 0
-452 -1002 0
-452 1007 0
-452 -1012 0
-59 453 454 455 456 457 0
-453 -973 0
-453 -978 0
-453 983 0
-453 988 0
-453 993 0
-453 -998 0
-453 1003 0
-453 1008 0
-454 -974 0
-454 -979 0
-454 984 0
-454 989 0
-454 994 0
-454 -999 0
-454 1004 0
-454 1009 0
-455 -975 0
-455 -980 0
-455 985 0
-455 990 0
-455 995 0
-455 -1000 0
-455 1005 0
-455 1010 0
-456 -976 0
-456 -981 0
-456 986 0
-456 991 0
-456 996 0
-456 -1001 0
-456 1006 0
-456 1011 0
-457 -977 0
-457 -982 0
-457 987 0
-457 992 0
-457 997 0
-457 -1002 0
-457 1007 0
-457 1012 0
-60 458 459 460 461 462 0
-458 -973 0
-458 -978 0
-458 983 0
-458 988 0
-458 993 0
-458 998 0
-458 -1003 0
-458 -1008 0
-459 -974 0
-459 -979 0
-459 984 0
-459 989 0
-459 994 0
-459 999 0
-459 -1004 0
-459 -1009 0
-460 -975 0
-460 -980 0
-460 985 0
-460 990 0
-460 995 0
-460 1000 0
-460 -1005 0
-460 -1010 0
-461 -976 0
-461 -981 0
-461 986 0
-461 991 0
-461 996 0
-461 1001 0
-461 -1006 0
-461 -1011 0
-462 -977 0
-462 -982 0
-462 987 0
-462 992 0
-462 997 0
-462 1002 0
-462 -1007 0
-462 -1012 0
-61 463 464 465 466 467 0
-463 -973 0
-463 -978 0
-463 983 0
-463 988 0
-463 993 0
-463 998 0
-463 -1003 0
-463 1008 0
-464 -974 0
-464 -979 0
-464 984 0
-464 989 0
-464 994 0
-464 999 0
-464 -1004 0
-464 1009 0
-465 -975 0
-465 -980 0
-465 985 0
-465 990 0
-465 995 0
-465 1000 0
-465 -1005 0
-465 1010 0
-466 -976 0
-466 -981 0
-466 986 0
-466 991 0
-466 996 0
-466 1001 0
-466 -1006 0
-466 1011 0
-467 -977 0
-467 -982 0
-467 987 0
-467 992 0
-467 997 0
-467 1002 0
-467 -1007 0
-467 1012 0
-62 468 469 470 471 472 0
-468 -973 0
-468 -978 0
-468 983 0
-468 988 0
-468 993 0
-468 998 0
-468 1003 0
-468 -1008 0
-469 -974 0
-469 -979 0
-469 984 0
-469 989 0
-469 994 0
-469 999 0
-469 1004 0
-469 -1009 0
-470 -975 0
-470 -980 0
-470 985 0
-470 990 0
-470 995 0
-470 1000 0
-470 1005 0
-470 -1010 0
-471 -976 0
-471 -981 0
-471 986 0
-471 991 0
-471 996 0
-471 1001 0
-471 1006 0
-471 -1011 0
-472 -977 0
-472 -982 0
-472 987 0
-472 992 0
-472 997 0
-472 1002 0
-472 1007 0
-472 -1012 0
-63 473 474 475 476 477 0
-473 -973 0
-473 -978 0
-473 983 0
-473 988 0
-473 993 0
-473 998 0
-473 1003 0
-473 1008 0
-474 -974 0
-474 -979 0
-474 984 0
-474 989 0
-474 994 0
-474 999 0
-474 1004 0
-474 1009 0
-475 -975 0
-475 -980 0
-475 985 0
-475 990 0
-475 995 0
-475 1000 0
-475 1005 0
-475 1010 0
-476 -976 0
-476 -981 0
-476 986 0
-476 991 0
-476 996 0
-476 1001 0
-476 1006 0
-476 1011 0
-477 -977 0
-477 -982 0
-477 987 0
-477 992 0
-477 997 0
-477 1002 0
-477 1007 0
-477 1012 0
-64 478 479 480 481 482 0
-478 -973 0
-478 978 0
-478 -983 0
-478 -988 0
-478 -993 0
-478 -998 0
-478 -1003 0
-478 -1008 0
-479 -974 0
-479 979 0
-479 -984 0
-479 -989 0
-479 -994 0
-479 -999 0
-479 -1004 0
-479 -1009 0
-480 -975 0
-480 980 0
-480 -985 0
-480 -990 0
-480 -995 0
-480 -1000 0
-480 -1005 0
-480 -1010 0
-481 -976 0
-481 981 0
-481 -986 0
-481 -991 0
-481 -996 0
-481 -1001 0
-481 -1006 0
-481 -1011 0
-482 -977 0
-482 982 0
-482 -987 0
-482 -992 0
-482 -997 0
-482 -1002 0
-482 -1007 0
-482 -1012 0
-65 483 484 485 486 487 0
-483 -973 0
-483 978 0
-483 -983 0
-483 -988 0
-483 -993 0
-483 -998 0
-483 -1003 0
-483 1008 0
-484 -974 0
-484 979 0
-484 -984 0
-484 -989 0
-484 -994 0
-484 -999 0
-484 -1004 0
-484 1009 0
-485 -975 0
-485 980 0
-485 -985 0
-485 -990 0
-485 -995 0
-485 -1000 0
-485 -1005 0
-485 1010 0
-486 -976 0
-486 981 0
-486 -986 0
-486 -991 0
-486 -996 0
-486 -1001 0
-486 -1006 0
-486 1011 0
-487 -977 0
-487 982 0
-487 -987 0
-487 -992 0
-487 -997 0
-487 -1002 0
-487 -1007 0
-487 1012 0
-66 488 489 490 491 492 0
-488 -973 0
-488 978 0
-488 -983 0
-488 -988 0
-488 -993 0
-488 -998 0
-488 1003 0
-488 -1008 0
-489 -974 0
-489 979 0
-489 -984 0
-489 -989 0
-489 -994 0
-489 -999 0
-489 1004 0
-489 -1009 0
-490 -975 0
-490 980 0
-490 -985 0
-490 -990 0
-490 -995 0
-490 -1000 0
-490 1005 0
-490 -1010 0
-491 -976 0
-491 981 0
-491 -986 0
-491 -991 0
-491 -996 0
-491 -1001 0
-491 1006 0
-491 -1011 0
-492 -977 0
-492 982 0
-492 -987 0
-492 -992 0
-492 -997 0
-492 -1002 0
-492 1007 0
-492 -1012 0
-67 493 494 495 496 497 0
-493 -973 0
-493 978 0
-493 -983 0
-493 -988 0
-493 -993 0
-493 -998 0
-493 1003 0
-493 1008 0
-494 -974 0
-494 979 0
-494 -984 0
-494 -989 0
-494 -994 0
-494 -999 0
-494 1004 0
-494 1009 0
-495 -975 0
-495 980 0
-495 -985 0
-495 -990 0
-495 -995 0
-495 -1000 0
-495 1005 0
-495 1010 0
-496 -976 0
-496 981 0
-496 -986 0
-496 -991 0
-496 -996 0
-496 -1001 0
-496 1006 0
-496 1011 0
-497 -977 0
-497 982 0
-497 -987 0
-497 -992 0
-497 -997 0
-497 -1002 0
-497 1007 0
-497 1012 0
-68 498 499 500 501 502 0
-498 -973 0
-498 978 0
-498 -983 0
-498 -988 0
-498 -993 0
-498 998 0
-498 -1003 0
-498 -1008 0
-499 -974 0
-499 979 0
-499 -984 0
-499 -989 0
-499 -994 0
-499 999 0
-499 -1004 0
-499 -1009 0
-500 -975 0
-500 980 0
-500 -985 0
-500 -990 0
-500 -995 0
-500 1000 0
-500 -1005 0
-500 -1010 0
-501 -976 0
-501 981 0
-501 -986 0
-501 -991 0
-501 -996 0
-501 1001 0
-501 -1006 0
-501 -1011 0
-502 -977 0
-502 982 0
-502 -987 0
-502 -992 0
-502 -997 0
-502 1002 0
-502 -1007 0
-502 -1012 0
-69 503 504 505 506 507 0
-503 -973 0
-503 978 0
-503 -983 0
-503 -988 0
-503 -993 0
-503 998 0
-503 -1003 0
-503 1008 0
-504 -974 0
-504 979 0
-504 -984 0
-504 -989 0
-504 -994 0
-504 999 0
-504 -1004 0
-504 1009 0
-505 -975 0
-505 980 0
-505 -985 0
-505 -990 0
-505 -995 0
-505 1000 0
-505 -1005 0
-505 1010 0
-506 -976 0
-506 981 0
-506 -986 0
-506 -991 0
-506 -996 0
-506 1001 0
-506 -1006 0
-506 1011 0
-507 -977 0
-507 982 0
-507 -987 0
-507 -992 0
-507 -997 0
-507 1002 0
-507 -1007 0
-507 1012 0
-70 508 509 510 511 512 0
-508 -973 0
-508 978 0
-508 -983 0
-508 -988 0
-508 -993 0
-508 998 0
-508 1003 0
-508 -1008 0
-509 -974 0
-509 979 0
-509 -984 0
-509 -989 0
-509 -994 0
-509 999 0
-509 1004 0
-509 -1009 0
-510 -975 0
-510 980 0
-510 -985 0
-510 -990 0
-510 -995 0
-510 1000 0
-510 1005 0
-510 -1010 0
-511 -976 0
-511 981 0
-511 -986 0
-511 -991 0
-511 -996 0
-511 1001 0
-511 1006 0
-511 -1011 0
-512 -977 0
-512 982 0
-512 -987 0
-512 -992 0
-512 -997 0
-512 1002 0
-512 1007 0
-512 -1012 0
-71 513 514 515 516 517 0
-513 -973 0
-513 978 0
-513 -983 0
-513 -988 0
-513 -993 0
-513 998 0
-513 1003 0
-513 1008 0
-514 -974 0
-514 979 0
-514 -984 0
-514 -989 0
-514 -994 0
-514 999 0
-514 1004 0
-514 1009 0
-515 -975 0
-515 980 0
-515 -985 0
-515 -990 0
-515 -995 0
-515 1000 0
-515 1005 0
-515 1010 0
-516 -976 0
-516 981 0
-516 -986 0
-516 -991 0
-516 -996 0
-516 1001 0
-516 1006 0
-516 1011 0
-517 -977 0
-517 982 0
-517 -987 0
-517 -992 0
-517 -997 0
-517 1002 0
-517 1007 0
-517 1012 0
-72 518 519 520 521 522 0
-518 -973 0
-518 978 0
-518 -983 0
-518 -988 0
-518 993 0
-518 -998 0
-518 -1003 0
-518 -1008 0
-519 -974 0
-519 979 0
-519 -984 0
-519 -989 0
-519 994 0
-519 -999 0
-519 -1004 0
-519 -1009 0
-520 -975 0
-520 980 0
-520 -985 0
-520 -990 0
-520 995 0
-520 -1000 0
-520 -1005 0
-520 -1010 0
-521 -976 0
-521 981 0
-521 -986 0
-521 -991 0
-521 996 0
-521 -1001 0
-521 -1006 0
-521 -1011 0
-522 -977 0
-522 982 0
-522 -987 0
-522 -992 0
-522 997 0
-522 -1002 0
-522 -1007 0
-522 -1012 0
-73 523 524 525 526 527 0
-523 -973 0
-523 978 0
-523 -983 0
-523 -988 0
-523 993 0
-523 -998 0
-523 -1003 0
-523 1008 0
-524 -974 0
-524 979 0
-524 -984 0
-524 -989 0
-524 994 0
-524 -999 0
-524 -1004 0
-524 1009 0
-525 -975 0
-525 980 0
-525 -985 0
-525 -990 0
-525 995 0
-525 -1000 0
-525 -1005 0
-525 1010 0
-526 -976 0
-526 981 0
-526 -986 0
-526 -991 0
-526 996 0
-526 -1001 0
-526 -1006 0
-526 1011 0
-527 -977 0
-527 982 0
-527 -987 0
-527 -992 0
-527 997 0
-527 -1002 0
-527 -1007 0
-527 1012 0
-74 528 529 530 531 532 0
-528 -973 0
-528 978 0
-528 -983 0
-528 -988 0
-528 993 0
-528 -998 0
-528 1003 0
-528 -1008 0
-529 -974 0
-529 979 0
-529 -984 0
-529 -989 0
-529 994 0
-529 -999 0
-529 1004 0
-529 -1009 0
-530 -975 0
-530 980 0
-530 -985 0
-530 -990 0
-530 995 0
-530 -1000 0
-530 1005 0
-530 -1010 0
-531 -976 0
-531 981 0
-531 -986 0
-531 -991 0
-531 996 0
-531 -1001 0
-531 1006 0
-531 -1011 0
-532 -977 0
-532 982 0
-532 -987 0
-532 -992 0
-532 997 0
-532 -1002 0
-532 1007 0
-532 -1012 0
-75 533 534 535 536 537 0
-533 -973 0
-533 978 0
-533 -983 0
-533 -988 0
-533 993 0
-533 -998 0
-533 1003 0
-533 1008 0
-534 -974 0
-534 979 0
-534 -984 0
-534 -989 0
-534 994 0
-534 -999 0
-534 1004 0
-534 1009 0
-535 -975 0
-535 980 0
-535 -985 0
-535 -990 0
-535 995 0
-535 -1000 0
-535 1005 0
-535 1010 0
-536 -976 0
-536 981 0
-536 -986 0
-536 -991 0
-536 996 0
-536 -1001 0
-536 1006 0
-536 1011 0
-537 -977 0
-537 982 0
-537 -987 0
-537 -992 0
-537 997 0
-537 -1002 0
-537 1007 0
-537 1012 0
-76 538 539 540 541 542 0
-538 -973 0
-538 978 0
-538 -983 0
-538 -988 0
-538 993 0
-538 998 0
-538 -1003 0
-538 -1008 0
-539 -974 0
-539 979 0
-539 -984 0
-539 -989 0
-539 994 0
-539 999 0
-539 -1004 0
-539 -1009 0
-540 -975 0
-540 980 0
-540 -985 0
-540 -990 0
-540 995 0
-540 1000 0
-540 -1005 0
-540 -1010 0
-541 -976 0
-541 981 0
-541 -986 0
-541 -991 0
-541 996 0
-541 1001 0
-541 -1006 0
-541 -1011 0
-542 -977 0
-542 982 0
-542 -987 0
-542 -992 0
-542 997 0
-542 1002 0
-542 -1007 0
-542 -1012 0
-77 543 544 545 546 547 0
-543 -973 0
-543 978 0
-543 -983 0
-543 -988 0
-543 993 0
-543 998 0
-543 -1003 0
-543 1008 0
-544 -974 0
-544 979 0
-544 -984 0
-544 -989 0
-544 994 0
-544 999 0
-544 -1004 0
-544 1009 0
-545 -975 0
-545 980 0
-545 -985 0
-545 -990 0
-545 995 0
-545 1000 0
-545 -1005 0
-545 1010 0
-546 -976 0
-546 981 0
-546 -986 0
-546 -991 0
-546 996 0
-546 1001 0
-546 -1006 0
-546 1011 0
-547 -977 0
-547 982 0
-547 -987 0
-547 -992 0
-547 997 0
-547 1002 0
-547 -1007 0
-547 1012 0
-78 548 549 550 551 552 0
-548 -973 0
-548 978 0
-548 -983 0
-548 -988 0
-548 993 0
-548 998 0
-548 1003 0
-548 -1008 0
-549 -974 0
-549 979 0
-549 -984 0
-549 -989 0
-549 994 0
-549 999 0
-549 1004 0
-549 -1009 0
-550 -975 0
-550 980 0
-550 -985 0
-550 -990 0
-550 995 0
-550 1000 0
-550 1005 0
-550 -1010 0
-551 -976 0
-551 981 0
-551 -986 0
-551 -991 0
-551 996 0
-551 1001 0
-551 1006 0
-551 -1011 0
-552 -977 0
-552 982 0
-552 -987 0
-552 -992 0
-552 997 0
-552 1002 0
-552 1007 0
-552 -1012 0
-79 553 554 555 556 557 0
-553 -973 0
-553 978 0
-553 -983 0
-553 -988 0
-553 993 0
-553 998 0
-553 1003 0
-553 1008 0
-554 -974 0
-554 979 0
-554 -984 0
-554 -989 0
-554 994 0
-554 999 0
-554 1004 0
-554 1009 0
-555 -975 0
-555 980 0
-555 -985 0
-555 -990 0
-555 995 0
-555 1000 0
-555 1005 0
-555 1010 0
-556 -976 0
-556 981 0
-556 -986 0
-556 -991 0
-556 996 0
-556 1001 0
-556 1006 0
-556 1011 0
-557 -977 0
-557 982 0
-557 -987 0
-557 -992 0
-557 997 0
-557 1002 0
-557 1007 0
-557 1012 0
-80 558 559 560 561 562 0
-558 -973 0
-558 978 0
-558 -983 0
-558 988 0
-558 -993 0
-558 -998 0
-558 -1003 0
-558 -1008 0
-559 -974 0
-559 979 0
-559 -984 0
-559 989 0
-559 -994 0
-559 -999 0
-559 -1004 0
-559 -1009 0
-560 -975 0
-560 980 0
-560 -985 0
-560 990 0
-560 -995 0
-560 -1000 0
-560 -1005 0
-560 -1010 0
-561 -976 0
-561 981 0
-561 -986 0
-561 991 0
-561 -996 0
-561 -1001 0
-561 -1006 0
-561 -1011 0
-562 -977 0
-562 982 0
-562 -987 0
-562 992 0
-562 -997 0
-562 -1002 0
-562 -1007 0
-562 -1012 0
-81 563 564 565 566 567 0
-563 -973 0
-563 978 0
-563 -983 0
-563 988 0
-563 -993 0
-563 -998 0
-563 -1003 0
-563 1008 0
-564 -974 0
-564 979 0
-564 -984 0
-564 989 0
-564 -994 0
-564 -999 0
-564 -1004 0
-564 1009 0
-565 -975 0
-565 980 0
-565 -985 0
-565 990 0
-565 -995 0
-565 -1000 0
-565 -1005 0
-565 1010 0
-566 -976 0
-566 981 0
-566 -986 0
-566 991 0
-566 -996 0
-566 -1001 0
-566 -1006 0
-566 1011 0
-567 -977 0
-567 982 0
-567 -987 0
-567 992 0
-567 -997 0
-567 -1002 0
-567 -1007 0
-567 1012 0
-82 568 569 570 571 572 0
-568 -973 0
-568 978 0
-568 -983 0
-568 988 0
-568 -993 0
-568 -998 0
-568 1003 0
-568 -1008 0
-569 -974 0
-569 979 0
-569 -984 0
-569 989 0
-569 -994 0
-569 -999 0
-569 1004 0
-569 -1009 0
-570 -975 0
-570 980 0
-570 -985 0
-570 990 0
-570 -995 0
-570 -1000 0
-570 1005 0
-570 -1010 0
-571 -976 0
-571 981 0
-571 -986 0
-571 991 0
-571 -996 0
-571 -1001 0
-571 1006 0
-571 -1011 0
-572 -977 0
-572 982 0
-572 -987 0
-572 992 0
-572 -997 0
-572 -1002 0
-572 1007 0
-572 -1012 0
-83 573 574 575 576 577 0
-573 -973 0
-573 978 0
-573 -983 0
-573 988 0
-573 -993 0
-573 -998 0
-573 1003 0
-573 1008 0
-574 -974 0
-574 979 0
-574 -984 0
-574 989 0
-574 -994 0
-574 -999 0
-574 1004 0
-574 1009 0
-575 -975 0
-575 980 0
-575 -985 0
-575 990 0
-575 -995 0
-575 -1000 0
-575 1005 0
-575 1010 0
-576 -976 0
-576 981 0
-576 -986 0
-576 991 0
-576 -996 0
-576 -1001 0
-576 1006 0
-576 1011 0
-577 -977 0
-577 982 0
-577 -987 0
-577 992 0
-577 -997 0
-577 -1002 0
-577 1007 0
-577 1012 0
-84 578 579 580 581 582 0
-578 -973 0
-578 978 0
-578 -983 0
-578 988 0
-578 -993 0
-578 998 0
-578 -1003 0
-578 -1008 0
-579 -974 0
-579 979 0
-579 -984 0
-579 989 0
-579 -994 0
-579 999 0
-579 -1004 0
-579 -1009 0
-580 -975 0
-580 980 0
-580 -985 0
-580 990 0
-580 -995 0
-580 1000 0
-580 -1005 0
-580 -1010 0
-581 -976 0
-581 981 0
-581 -986 0
-581 991 0
-581 -996 0
-581 1001 0
-581 -1006 0
-581 -1011 0
-582 -977 0
-582 982 0
-582 -987 0
-582 992 0
-582 -997 0
-582 1002 0
-582 -1007 0
-582 -1012 0
-85 583 584 585 586 587 0
-583 -973 0
-583 978 0
-583 -983 0
-583 988 0
-583 -993 0
-583 998 0
-583 -1003 0
-583 1008 0
-584 -974 0
-584 979 0
-584 -984 0
-584 989 0
-584 -994 0
-584 999 0
-584 -1004 0
-584 1009 0
-585 -975 0
-585 980 0
-585 -985 0
-585 990 0
-585 -995 0
-585 1000 0
-585 -1005 0
-585 1010 0
-586 -976 0
-586 981 0
-586 -986 0
-586 991 0
-586 -996 0
-586 1001 0
-586 -1006 0
-586 1011 0
-587 -977 0
-587 982 0
-587 -987 0
-587 992 0
-587 -997 0
-587 1002 0
-587 -1007 0
-587 1012 0
-86 588 589 590 591 592 0
-588 -973 0
-588 978 0
-588 -983 0
-588 988 0
-588 -993 0
-588 998 0
-588 1003 0
-588 -1008 0
-589 -974 0
-589 979 0
-589 -984 0
-589 989 0
-589 -994 0
-589 999 0
-589 1004 0
-589 -1009 0
-590 -975 0
-590 980 0
-590 -985 0
-590 990 0
-590 -995 0
-590 1000 0
-590 1005 0
-590 -1010 0
-591 -976 0
-591 981 0
-591 -986 0
-591 991 0
-591 -996 0
-591 1001 0
-591 1006 0
-591 -1011 0
-592 -977 0
-592 982 0
-592 -987 0
-592 992 0
-592 -997 0
-592 1002 0
-592 1007 0
-592 -1012 0
-87 593 594 595 596 597 0
-593 -973 0
-593 978 0
-593 -983 0
-593 988 0
-593 -993 0
-593 998 0
-593 1003 0
-593 1008 0
-594 -974 0
-594 979 0
-594 -984 0
-594 989 0
-594 -994 0
-594 999 0
-594 1004 0
-594 1009 0
-595 -975 0
-595 980 0
-595 -985 0
-595 990 0
-595 -995 0
-595 1000 0
-595 1005 0
-595 1010 0
-596 -976 0
-596 981 0
-596 -986 0
-596 991 0
-596 -996 0
-596 1001 0
-596 1006 0
-596 1011 0
-597 -977 0
-597 982 0
-597 -987 0
-597 992 0
-597 -997 0
-597 1002 0
-597 1007 0
-597 1012 0
-88 598 599 600 601 602 0
-598 -973 0
-598 978 0
-598 -983 0
-598 988 0
-598 993 0
-598 -998 0
-598 -1003 0
-598 -1008 0
-599 -974 0
-599 979 0
-599 -984 0
-599 989 0
-599 994 0
-599 -999 0
-599 -1004 0
-599 -1009 0
-600 -975 0
-600 980 0
-600 -985 0
-600 990 0
-600 995 0
-600 -1000 0
-600 -1005 0
-600 -1010 0
-601 -976 0
-601 981 0
-601 -986 0
-601 991 0
-601 996 0
-601 -1001 0
-601 -1006 0
-601 -1011 0
-602 -977 0
-602 982 0
-602 -987 0
-602 992 0
-602 997 0
-602 -1002 0
-602 -1007 0
-602 -1012 0
-89 603 604 605 606 607 0
-603 -973 0
-603 978 0
-603 -983 0
-603 988 0
-603 993 0
-603 -998 0
-603 -1003 0
-603 1008 0
-604 -974 0
-604 979 0
-604 -984 0
-604 989 0
-604 994 0
-604 -999 0
-604 -1004 0
-604 1009 0
-605 -975 0
-605 980 0
-605 -985 0
-605 990 0
-605 995 0
-605 -1000 0
-605 -1005 0
-605 1010 0
-606 -976 0
-606 981 0
-606 -986 0
-606 991 0
-606 996 0
-606 -1001 0
-606 -1006 0
-606 1011 0
-607 -977 0
-607 982 0
-607 -987 0
-607 992 0
-607 997 0
-607 -1002 0
-607 -1007 0
-607 1012 0
-90 608 609 610 611 612 0
-608 -973 0
-608 978 0
-608 -983 0
-608 988 0
-608 993 0
-608 -998 0
-608 1003 0
-608 -1008 0
-609 -974 0
-609 979 0
-609 -984 0
-609 989 0
-609 994 0
-609 -999 0
-609 1004 0
-609 -1009 0
-610 -975 0
-610 980 0
-610 -985 0
-610 990 0
-610 995 0
-610 -1000 0
-610 1005 0
-610 -1010 0
-611 -976 0
-611 981 0
-611 -986 0
-611 991 0
-611 996 0
-611 -1001 0
-611 1006 0
-611 -1011 0
-612 -977 0
-612 982 0
-612 -987 0
-612 992 0
-612 997 0
-612 -1002 0
-612 1007 0
-612 -1012 0
-91 613 614 615 616 617 0
-613 -973 0
-613 978 0
-613 -983 0
-613 988 0
-613 993 0
-613 -998 0
-613 1003 0
-613 1008 0
-614 -974 0
-614 979 0
-614 -984 0
-614 989 0
-614 994 0
-614 -999 0
-614 1004 0
-614 1009 0
-615 -975 0
-615 980 0
-615 -985 0
-615 990 0
-615 995 0
-615 -1000 0
-615 1005 0
-615 1010 0
-616 -976 0
-616 981 0
-616 -986 0
-616 991 0
-616 996 0
-616 -1001 0
-616 1006 0
-616 1011 0
-617 -977 0
-617 982 0
-617 -987 0
-617 992 0
-617 997 0
-617 -1002 0
-617 1007 0
-617 1012 0
-92 618 619 620 621 622 0
-618 -973 0
-618 978 0
-618 -983 0
-618 988 0
-618 993 0
-618 998 0
-618 -1003 0
-618 -1008 0
-619 -974 0
-619 979 0
-619 -984 0
-619 989 0
-619 994 0
-619 999 0
-619 -1004 0
-619 -1009 0
-620 -975 0
-620 980 0
-620 -985 0
-620 990 0
-620 995 0
-620 1000 0
-620 -1005 0
-620 -1010 0
-621 -976 0
-621 981 0
-621 -986 0
-621 991 0
-621 996 0
-621 1001 0
-621 -1006 0
-621 -1011 0
-622 -977 0
-622 982 0
-622 -987 0
-622 992 0
-622 997 0
-622 1002 0
-622 -1007 0
-622 -1012 0
-93 623 624 625 626 627 0
-623 -973 0
-623 978 0
-623 -983 0
-623 988 0
-623 993 0
-623 998 0
-623 -1003 0
-623 1008 0
-624 -974 0
-624 979 0
-624 -984 0
-624 989 0
-624 994 0
-624 999 0
-624 -1004 0
-624 1009 0
-625 -975 0
-625 980 0
-625 -985 0
-625 990 0
-625 995 0
-625 1000 0
-625 -1005 0
-625 1010 0
-626 -976 0
-626 981 0
-626 -986 0
-626 991 0
-626 996 0
-626 1001 0
-626 -1006 0
-626 1011 0
-627 -977 0
-627 982 0
-627 -987 0
-627 992 0
-627 997 0
-627 1002 0
-627 -1007 0
-627 1012 0
-94 628 629 630 631 632 0
-628 -973 0
-628 978 0
-628 -983 0
-628 988 0
-628 993 0
-628 998 0
-628 1003 0
-628 -1008 0
-629 -974 0
-629 979 0
-629 -984 0
-629 989 0
-629 994 0
-629 999 0
-629 1004 0
-629 -1009 0
-630 -975 0
-630 980 0
-630 -985 0
-630 990 0
-630 995 0
-630 1000 0
-630 1005 0
-630 -1010 0
-631 -976 0
-631 981 0
-631 -986 0
-631 991 0
-631 996 0
-631 1001 0
-631 1006 0
-631 -1011 0
-632 -977 0
-632 982 0
-632 -987 0
-632 992 0
-632 997 0
-632 1002 0
-632 1007 0
-632 -1012 0
-95 633 634 635 636 637 0
-633 -973 0
-633 978 0
-633 -983 0
-633 988 0
-633 993 0
-633 998 0
-633 1003 0
-633 1008 0
-634 -974 0
-634 979 0
-634 -984 0
-634 989 0
-634 994 0
-634 999 0
-634 1004 0
-634 1009 0
-635 -975 0
-635 980 0
-635 -985 0
-635 990 0
-635 995 0
-635 1000 0
-635 1005 0
-635 1010 0
-636 -976 0
-636 981 0
-636 -986 0
-636 991 0
-636 996 0
-636 1001 0
-636 1006 0
-636 1011 0
-637 -977 0
-637 982 0
-637 -987 0
-637 992 0
-637 997 0
-637 1002 0
-637 1007 0
-637 1012 0
-96 638 639 640 641 642 0
-638 -973 0
-638 978 0
-638 983 0
-638 -988 0
-638 -993 0
-638 -998 0
-638 -1003 0
-638 -1008 0
-639 -974 0
-639 979 0
-639 984 0
-639 -989 0
-639 -994 0
-639 -999 0
-639 -1004 0
-639 -1009 0
-640 -975 0
-640 980 0
-640 985 0
-640 -990 0
-640 -995 0
-640 -1000 0
-640 -1005 0
-640 -1010 0
-641 -976 0
-641 981 0
-641 986 0
-641 -991 0
-641 -996 0
-641 -1001 0
-641 -1006 0
-641 -1011 0
-642 -977 0
-642 982 0
-642 987 0
-642 -992 0
-642 -997 0
-642 -1002 0
-642 -1007 0
-642 -1012 0
-97 643 644 645 646 647 0
-643 -973 0
-643 978 0
-643 983 0
-643 -988 0
-643 -993 0
-643 -998 0
-643 -1003 0
-643 1008 0
-644 -974 0
-644 979 0
-644 984 0
-644 -989 0
-644 -994 0
-644 -999 0
-644 -1004 0
-644 1009 0
-645 -975 0
-645 980 0
-645 985 0
-645 -990 0
-645 -995 0
-645 -1000 0
-645 -1005 0
-645 1010 0
-646 -976 0
-646 981 0
-646 986 0
-646 -991 0
-646 -996 0
-646 -1001 0
-646 -1006 0
-646 1011 0
-647 -977 0
-647 982 0
-647 987 0
-647 -992 0
-647 -997 0
-647 -1002 0
-647 -1007 0
-647 1012 0
-98 648 649 650 651 652 0
-648 -973 0
-648 978 0
-648 983 0
-648 -988 0
-648 -993 0
-648 -998 0
-648 1003 0
-648 -1008 0
-649 -974 0
-649 979 0
-649 984 0
-649 -989 0
-649 -994 0
-649 -999 0
-649 1004 0
-649 -1009 0
-650 -975 0
-650 980 0
-650 985 0
-650 -990 0
-650 -995 0
-650 -1000 0
-650 1005 0
-650 -1010 0
-651 -976 0
-651 981 0
-651 986 0
-651 -991 0
-651 -996 0
-651 -1001 0
-651 1006 0
-651 -1011 0
-652 -977 0
-652 982 0
-652 987 0
-652 -992 0
-652 -997 0
-652 -1002 0
-652 1007 0
-652 -1012 0
-99 653 654 655 656 657 0
-653 -973 0
-653 978 0
-653 983 0
-653 -988 0
-653 -993 0
-653 -998 0
-653 1003 0
-653 1008 0
-654 -974 0
-654 979 0
-654 984 0
-654 -989 0
-654 -994 0
-654 -999 0
-654 1004 0
-654 1009 0
-655 -975 0
-655 980 0
-655 985 0
-655 -990 0
-655 -995 0
-655 -1000 0
-655 1005 0
-655 1010 0
-656 -976 0
-656 981 0
-656 986 0
-656 -991 0
-656 -996 0
-656 -1001 0
-656 1006 0
-656 1011 0
-657 -977 0
-657 982 0
-657 987 0
-657 -992 0
-657 -997 0
-657 -1002 0
-657 1007 0
-657 1012 0
-100 658 659 660 661 662 0
-658 -973 0
-658 978 0
-658 983 0
-658 -988 0
-658 -993 0
-658 998 0
-658 -1003 0
-658 -1008 0
-659 -974 0
-659 979 0
-659 984 0
-659 -989 0
-659 -994 0
-659 999 0
-659 -1004 0
-659 -1009 0
-660 -975 0
-660 980 0
-660 985 0
-660 -990 0
-660 -995 0
-660 1000 0
-660 -1005 0
-660 -1010 0
-661 -976 0
-661 981 0
-661 986 0
-661 -991 0
-661 -996 0
-661 1001 0
-661 -1006 0
-661 -1011 0
-662 -977 0
-662 982 0
-662 987 0
-662 -992 0
-662 -997 0
-662 1002 0
-662 -1007 0
-662 -1012 0
-101 663 664 665 666 667 0
-663 -973 0
-663 978 0
-663 983 0
-663 -988 0
-663 -993 0
-663 998 0
-663 -1003 0
-663 1008 0
-664 -974 0
-664 979 0
-664 984 0
-664 -989 0
-664 -994 0
-664 999 0
-664 -1004 0
-664 1009 0
-665 -975 0
-665 980 0
-665 985 0
-665 -990 0
-665 -995 0
-665 1000 0
-665 -1005 0
-665 1010 0
-666 -976 0
-666 981 0
-666 986 0
-666 -991 0
-666 -996 0
-666 1001 0
-666 -1006 0
-666 1011 0
-667 -977 0
-667 982 0
-667 987 0
-667 -992 0
-667 -997 0
-667 1002 0
-667 -1007 0
-667 1012 0
-102 668 669 670 671 672 0
-668 -973 0
-668 978 0
-668 983 0
-668 -988 0
-668 -993 0
-668 998 0
-668 1003 0
-668 -1008 0
-669 -974 0
-669 979 0
-669 984 0
-669 -989 0
-669 -994 0
-669 999 0
-669 1004 0
-669 -1009 0
-670 -975 0
-670 980 0
-670 985 0
-670 -990 0
-670 -995 0
-670 1000 0
-670 1005 0
-670 -1010 0
-671 -976 0
-671 981 0
-671 986 0
-671 -991 0
-671 -996 0
-671 1001 0
-671 1006 0
-671 -1011 0
-672 -977 0
-672 982 0
-672 987 0
-672 -992 0
-672 -997 0
-672 1002 0
-672 1007 0
-672 -1012 0
-103 673 674 675 676 677 0
-673 -973 0
-673 978 0
-673 983 0
-673 -988 0
-673 -993 0
-673 998 0
-673 1003 0
-673 1008 0
-674 -974 0
-674 979 0
-674 984 0
-674 -989 0
-674 -994 0
-674 999 0
-674 1004 0
-674 1009 0
-675 -975 0
-675 980 0
-675 985 0
-675 -990 0
-675 -995 0
-675 1000 0
-675 1005 0
-675 1010 0
-676 -976 0
-676 981 0
-676 986 0
-676 -991 0
-676 -996 0
-676 1001 0
-676 1006 0
-676 1011 0
-677 -977 0
-677 982 0
-677 987 0
-677 -992 0
-677 -997 0
-677 1002 0
-677 1007 0
-677 1012 0
-104 678 679 680 681 682 0
-678 -973 0
-678 978 0
-678 983 0
-678 -988 0
-678 993 0
-678 -998 0
-678 -1003 0
-678 -1008 0
-679 -974 0
-679 979 0
-679 984 0
-679 -989 0
-679 994 0
-679 -999 0
-679 -1004 0
-679 -1009 0
-680 -975 0
-680 980 0
-680 985 0
-680 -990 0
-680 995 0
-680 -1000 0
-680 -1005 0
-680 -1010 0
-681 -976 0
-681 981 0
-681 986 0
-681 -991 0
-681 996 0
-681 -1001 0
-681 -1006 0
-681 -1011 0
-682 -977 0
-682 982 0
-682 987 0
-682 -992 0
-682 997 0
-682 -1002 0
-682 -1007 0
-682 -1012 0
-105 683 684 685 686 687 0
-683 -973 0
-683 978 0
-683 983 0
-683 -988 0
-683 993 0
-683 -998 0
-683 -1003 0
-683 1008 0
-684 -974 0
-684 979 0
-684 984 0
-684 -989 0
-684 994 0
-684 -999 0
-684 -1004 0
-684 1009 0
-685 -975 0
-685 980 0
-685 985 0
-685 -990 0
-685 995 0
-685 -1000 0
-685 -1005 0
-685 1010 0
-686 -976 0
-686 981 0
-686 986 0
-686 -991 0
-686 996 0
-686 -1001 0
-686 -1006 0
-686 1011 0
-687 -977 0
-687 982 0
-687 987 0
-687 -992 0
-687 997 0
-687 -1002 0
-687 -1007 0
-687 1012 0
-106 688 689 690 691 692 0
-688 -973 0
-688 978 0
-688 983 0
-688 -988 0
-688 993 0
-688 -998 0
-688 1003 0
-688 -1008 0
-689 -974 0
-689 979 0
-689 984 0
-689 -989 0
-689 994 0
-689 -999 0
-689 1004 0
-689 -1009 0
-690 -975 0
-690 980 0
-690 985 0
-690 -990 0
-690 995 0
-690 -1000 0
-690 1005 0
-690 -1010 0
-691 -976 0
-691 981 0
-691 986 0
-691 -991 0
-691 996 0
-691 -1001 0
-691 1006 0
-691 -1011 0
-692 -977 0
-692 982 0
-692 987 0
-692 -992 0
-692 997 0
-692 -1002 0
-692 1007 0
-692 -1012 0
-107 693 694 695 696 697 0
-693 -973 0
-693 978 0
-693 983 0
-693 -988 0
-693 993 0
-693 -998 0
-693 1003 0
-693 1008 0
-694 -974 0
-694 979 0
-694 984 0
-694 -989 0
-694 994 0
-694 -999 0
-694 1004 0
-694 1009 0
-695 -975 0
-695 980 0
-695 985 0
-695 -990 0
-695 995 0
-695 -1000 0
-695 1005 0
-695 1010 0
-696 -976 0
-696 981 0
-696 986 0
-696 -991 0
-696 996 0
-696 -1001 0
-696 1006 0
-696 1011 0
-697 -977 0
-697 982 0
-697 987 0
-697 -992 0
-697 997 0
-697 -1002 0
-697 1007 0
-697 1012 0
-108 698 699 700 701 702 0
-698 -973 0
-698 978 0
-698 983 0
-698 -988 0
-698 993 0
-698 998 0
-698 -1003 0
-698 -1008 0
-699 -974 0
-699 979 0
-699 984 0
-699 -989 0
-699 994 0
-699 999 0
-699 -1004 0
-699 -1009 0
-700 -975 0
-700 980 0
-700 985 0
-700 -990 0
-700 995 0
-700 1000 0
-700 -1005 0
-700 -1010 0
-701 -976 0
-701 981 0
-701 986 0
-701 -991 0
-701 996 0
-701 1001 0
-701 -1006 0
-701 -1011 0
-702 -977 0
-702 982 0
-702 987 0
-702 -992 0
-702 997 0
-702 1002 0
-702 -1007 0
-702 -1012 0
-109 703 704 705 706 707 0
-703 -973 0
-703 978 0
-703 983 0
-703 -988 0
-703 993 0
-703 998 0
-703 -1003 0
-703 1008 0
-704 -974 0
-704 979 0
-704 984 0
-704 -989 0
-704 994 0
-704 999 0
-704 -1004 0
-704 1009 0
-705 -975 0
-705 980 0
-705 985 0
-705 -990 0
-705 995 0
-705 1000 0
-705 -1005 0
-705 1010 0
-706 -976 0
-706 981 0
-706 986 0
-706 -991 0
-706 996 0
-706 1001 0
-706 -1006 0
-706 1011 0
-707 -977 0
-707 982 0
-707 987 0
-707 -992 0
-707 997 0
-707 1002 0
-707 -1007 0
-707 1012 0
-110 708 709 710 711 712 0
-708 -973 0
-708 978 0
-708 983 0
-708 -988 0
-708 993 0
-708 998 0
-708 1003 0
-708 -1008 0
-709 -974 0
-709 979 0
-709 984 0
-709 -989 0
-709 994 0
-709 999 0
-709 1004 0
-709 -1009 0
-710 -975 0
-710 980 0
-710 985 0
-710 -990 0
-710 995 0
-710 1000 0
-710 1005 0
-710 -1010 0
-711 -976 0
-711 981 0
-711 986 0
-711 -991 0
-711 996 0
-711 1001 0
-711 1006 0
-711 -1011 0
-712 -977 0
-712 982 0
-712 987 0
-712 -992 0
-712 997 0
-712 1002 0
-712 1007 0
-712 -1012 0
-111 713 714 715 716 717 0
-713 -973 0
-713 978 0
-713 983 0
-713 -988 0
-713 993 0
-713 998 0
-713 1003 0
-713 1008 0
-714 -974 0
-714 979 0
-714 984 0
-714 -989 0
-714 994 0
-714 999 0
-714 1004 0
-714 1009 0
-715 -975 0
-715 980 0
-715 985 0
-715 -990 0
-715 995 0
-715 1000 0
-715 1005 0
-715 1010 0
-716 -976 0
-716 981 0
-716 986 0
-716 -991 0
-716 996 0
-716 1001 0
-716 1006 0
-716 1011 0
-717 -977 0
-717 982 0
-717 987 0
-717 -992 0
-717 997 0
-717 1002 0
-717 1007 0
-717 1012 0
-112 718 719 720 721 722 0
-718 -973 0
-718 978 0
-718 983 0
-718 988 0
-718 -993 0
-718 -998 0
-718 -1003 0
-718 -1008 0
-719 -974 0
-719 979 0
-719 984 0
-719 989 0
-719 -994 0
-719 -999 0
-719 -1004 0
-719 -1009 0
-720 -975 0
-720 980 0
-720 985 0
-720 990 0
-720 -995 0
-720 -1000 0
-720 -1005 0
-720 -1010 0
-721 -976 0
-721 981 0
-721 986 0
-721 991 0
-721 -996 0
-721 -1001 0
-721 -1006 0
-721 -1011 0
-722 -977 0
-722 982 0
-722 987 0
-722 992 0
-722 -997 0
-722 -1002 0
-722 -1007 0
-722 -1012 0
-113 723 724 725 726 727 0
-723 -973 0
-723 978 0
-723 983 0
-723 988 0
-723 -993 0
-723 -998 0
-723 -1003 0
-723 1008 0
-724 -974 0
-724 979 0
-724 984 0
-724 989 0
-724 -994 0
-724 -999 0
-724 -1004 0
-724 1009 0
-725 -975 0
-725 980 0
-725 985 0
-725 990 0
-725 -995 0
-725 -1000 0
-725 -1005 0
-725 1010 0
-726 -976 0
-726 981 0
-726 986 0
-726 991 0
-726 -996 0
-726 -1001 0
-726 -1006 0
-726 1011 0
-727 -977 0
-727 982 0
-727 987 0
-727 992 0
-727 -997 0
-727 -1002 0
-727 -1007 0
-727 1012 0
-114 728 729 730 731 732 0
-728 -973 0
-728 978 0
-728 983 0
-728 988 0
-728 -993 0
-728 -998 0
-728 1003 0
-728 -1008 0
-729 -974 0
-729 979 0
-729 984 0
-729 989 0
-729 -994 0
-729 -999 0
-729 1004 0
-729 -1009 0
-730 -975 0
-730 980 0
-730 985 0
-730 990 0
-730 -995 0
-730 -1000 0
-730 1005 0
-730 -1010 0
-731 -976 0
-731 981 0
-731 986 0
-731 991 0
-731 -996 0
-731 -1001 0
-731 1006 0
-731 -1011 0
-732 -977 0
-732 982 0
-732 987 0
-732 992 0
-732 -997 0
-732 -1002 0
-732 1007 0
-732 -1012 0
-115 733 734 735 736 737 0
-733 -973 0
-733 978 0
-733 983 0
-733 988 0
-733 -993 0
-733 -998 0
-733 1003 0
-733 1008 0
-734 -974 0
-734 979 0
-734 984 0
-734 989 0
-734 -994 0
-734 -999 0
-734 1004 0
-734 1009 0
-735 -975 0
-735 980 0
-735 985 0
-735 990 0
-735 -995 0
-735 -1000 0
-735 1005 0
-735 1010 0
-736 -976 0
-736 981 0
-736 986 0
-736 991 0
-736 -996 0
-736 -1001 0
-736 1006 0
-736 1011 0
-737 -977 0
-737 982 0
-737 987 0
-737 992 0
-737 -997 0
-737 -1002 0
-737 1007 0
-737 1012 0
-116 738 739 740 741 742 0
-738 -973 0
-738 978 0
-738 983 0
-738 988 0
-738 -993 0
-738 998 0
-738 -1003 0
-738 -1008 0
-739 -974 0
-739 979 0
-739 984 0
-739 989 0
-739 -994 0
-739 999 0
-739 -1004 0
-739 -1009 0
-740 -975 0
-740 980 0
-740 985 0
-740 990 0
-740 -995 0
-740 1000 0
-740 -1005 0
-740 -1010 0
-741 -976 0
-741 981 0
-741 986 0
-741 991 0
-741 -996 0
-741 1001 0
-741 -1006 0
-741 -1011 0
-742 -977 0
-742 982 0
-742 987 0
-742 992 0
-742 -997 0
-742 1002 0
-742 -1007 0
-742 -1012 0
-117 743 744 745 746 747 0
-743 -973 0
-743 978 0
-743 983 0
-743 988 0
-743 -993 0
-743 998 0
-743 -1003 0
-743 1008 0
-744 -974 0
-744 979 0
-744 984 0
-744 989 0
-744 -994 0
-744 999 0
-744 -1004 0
-744 1009 0
-745 -975 0
-745 980 0
-745 985 0
-745 990 0
-745 -995 0
-745 1000 0
-745 -1005 0
-745 1010 0
-746 -976 0
-746 981 0
-746 986 0
-746 991 0
-746 -996 0
-746 1001 0
-746 -1006 0
-746 1011 0
-747 -977 0
-747 982 0
-747 987 0
-747 992 0
-747 -997 0
-747 1002 0
-747 -1007 0
-747 1012 0
-118 748 749 750 751 752 0
-748 -973 0
-748 978 0
-748 983 0
-748 988 0
-748 -993 0
-748 998 0
-748 1003 0
-748 -1008 0
-749 -974 0
-749 979 0
-749 984 0
-749 989 0
-749 -994 0
-749 999 0
-749 1004 0
-749 -1009 0
-750 -975 0
-750 980 0
-750 985 0
-750 990 0
-750 -995 0
-750 1000 0
-750 1005 0
-750 -1010 0
-751 -976 0
-751 981 0
-751 986 0
-751 991 0
-751 -996 0
-751 1001 0
-751 1006 0
-751 -1011 0
-752 -977 0
-752 982 0
-752 987 0
-752 992 0
-752 -997 0
-752 1002 0
-752 1007 0
-752 -1012 0
-119 753 754 755 756 757 0
-753 -973 0
-753 978 0
-753 983 0
-753 988 0
-753 -993 0
-753 998 0
-753 1003 0
-753 1008 0
-754 -974 0
-754 979 0
-754 984 0
-754 989 0
-754 -994 0
-754 999 0
-754 1004 0
-754 1009 0
-755 -975 0
-755 980 0
-755 985 0
-755 990 0
-755 -995 0
-755 1000 0
-755 1005 0
-755 1010 0
-756 -976 0
-756 981 0
-756 986 0
-756 991 0
-756 -996 0
-756 1001 0
-756 1006 0
-756 1011 0
-757 -977 0
-757 982 0
-757 987 0
-757 992 0
-757 -997 0
-757 1002 0
-757 1007 0
-757 1012 0
-120 758 759 760 761 762 0
-758 -973 0
-758 978 0
-758 983 0
-758 988 0
-758 993 0
-758 -998 0
-758 -1003 0
-758 -1008 0
-759 -974 0
-759 979 0
-759 984 0
-759 989 0
-759 994 0
-759 -999 0
-759 -1004 0
-759 -1009 0
-760 -975 0
-760 980 0
-760 985 0
-760 990 0
-760 995 0
-760 -1000 0
-760 -1005 0
-760 -1010 0
-761 -976 0
-761 981 0
-761 986 0
-761 991 0
-761 996 0
-761 -1001 0
-761 -1006 0
-761 -1011 0
-762 -977 0
-762 982 0
-762 987 0
-762 992 0
-762 997 0
-762 -1002 0
-762 -1007 0
-762 -1012 0
-121 763 764 765 766 767 0
-763 -973 0
-763 978 0
-763 983 0
-763 988 0
-763 993 0
-763 -998 0
-763 -1003 0
-763 1008 0
-764 -974 0
-764 979 0
-764 984 0
-764 989 0
-764 994 0
-764 -999 0
-764 -1004 0
-764 1009 0
-765 -975 0
-765 980 0
-765 985 0
-765 990 0
-765 995 0
-765 -1000 0
-765 -1005 0
-765 1010 0
-766 -976 0
-766 981 0
-766 986 0
-766 991 0
-766 996 0
-766 -1001 0
-766 -1006 0
-766 1011 0
-767 -977 0
-767 982 0
-767 987 0
-767 992 0
-767 997 0
-767 -1002 0
-767 -1007 0
-767 1012 0
-122 768 769 770 771 772 0
-768 -973 0
-768 978 0
-768 983 0
-768 988 0
-768 993 0
-768 -998 0
-768 1003 0
-768 -1008 0
-769 -974 0
-769 979 0
-769 984 0
-769 989 0
-769 994 0
-769 -999 0
-769 1004 0
-769 -1009 0
-770 -975 0
-770 980 0
-770 985 0
-770 990 0
-770 995 0
-770 -1000 0
-770 1005 0
-770 -1010 0
-771 -976 0
-771 981 0
-771 986 0
-771 991 0
-771 996 0
-771 -1001 0
-771 1006 0
-771 -1011 0
-772 -977 0
-772 982 0
-772 987 0
-772 992 0
-772 997 0
-772 -1002 0
-772 1007 0
-772 -1012 0
-123 773 774 775 776 777 0
-773 -973 0
-773 978 0
-773 983 0
-773 988 0
-773 993 0
-773 -998 0
-773 1003 0
-773 1008 0
-774 -974 0
-774 979 0
-774 984 0
-774 989 0
-774 994 0
-774 -999 0
-774 1004 0
-774 1009 0
-775 -975 0
-775 980 0
-775 985 0
-775 990 0
-775 995 0
-775 -1000 0
-775 1005 0
-775 1010 0
-776 -976 0
-776 981 0
-776 986 0
-776 991 0
-776 996 0
-776 -1001 0
-776 1006 0
-776 1011 0
-777 -977 0
-777 982 0
-777 987 0
-777 992 0
-777 997 0
-777 -1002 0
-777 1007 0
-777 1012 0
-124 778 779 780 781 782 0
-778 -973 0
-778 978 0
-778 983 0
-778 988 0
-778 993 0
-778 998 0
-778 -1003 0
-778 -1008 0
-779 -974 0
-779 979 0
-779 984 0
-779 989 0
-779 994 0
-779 999 0
-779 -1004 0
-779 -1009 0
-780 -975 0
-780 980 0
-780 985 0
-780 990 0
-780 995 0
-780 1000 0
-780 -1005 0
-780 -1010 0
-781 -976 0
-781 981 0
-781 986 0
-781 991 0
-781 996 0
-781 1001 0
-781 -1006 0
-781 -1011 0
-782 -977 0
-782 982 0
-782 987 0
-782 992 0
-782 997 0
-782 1002 0
-782 -1007 0
-782 -1012 0
-125 783 784 785 786 787 0
-783 -973 0
-783 978 0
-783 983 0
-783 988 0
-783 993 0
-783 998 0
-783 -1003 0
-783 1008 0
-784 -974 0
-784 979 0
-784 984 0
-784 989 0
-784 994 0
-784 999 0
-784 -1004 0
-784 1009 0
-785 -975 0
-785 980 0
-785 985 0
-785 990 0
-785 995 0
-785 1000 0
-785 -1005 0
-785 1010 0
-786 -976 0
-786 981 0
-786 986 0
-786 991 0
-786 996 0
-786 1001 0
-786 -1006 0
-786 1011 0
-787 -977 0
-787 982 0
-787 987 0
-787 992 0
-787 997 0
-787 1002 0
-787 -1007 0
-787 1012 0
-126 788 789 790 791 792 0
-788 -973 0
-788 978 0
-788 983 0
-788 988 0
-788 993 0
-788 998 0
-788 1003 0
-788 -1008 0
-789 -974 0
-789 979 0
-789 984 0
-789 989 0
-789 994 0
-789 999 0
-789 1004 0
-789 -1009 0
-790 -975 0
-790 980 0
-790 985 0
-790 990 0
-790 995 0
-790 1000 0
-790 1005 0
-790 -1010 0
-791 -976 0
-791 981 0
-791 986 0
-791 991 0
-791 996 0
-791 1001 0
-791 1006 0
-791 -1011 0
-792 -977 0
-792 982 0
-792 987 0
-792 992 0
-792 997 0
-792 1002 0
-792 1007 0
-792 -1012 0
-127 793 794 795 796 797 0
-793 -973 0
-793 978 0
-793 983 0
-793 988 0
-793 993 0
-793 998 0
-793 1003 0
-793 1008 0
-794 -974 0
-794 979 0
-794 984 0
-794 989 0
-794 994 0
-794 999 0
-794 1004 0
-794 1009 0
-795 -975 0
-795 980 0
-795 985 0
-795 990 0
-795 995 0
-795 1000 0
-795 1005 0
-795 1010 0
-796 -976 0
-796 981 0
-796 986 0
-796 991 0
-796 996 0
-796 1001 0
-796 1006 0
-796 1011 0
-797 -977 0
-797 982 0
-797 987 0
-797 992 0
-797 997 0
-797 1002 0
-797 1007 0
-797 1012 0
-128 798 799 800 801 802 0
-798 973 0
-798 -978 0
-798 -983 0
-798 -988 0
-798 -993 0
-798 -998 0
-798 -1003 0
-798 -1008 0
-799 974 0
-799 -979 0
-799 -984 0
-799 -989 0
-799 -994 0
-799 -999 0
-799 -1004 0
-799 -1009 0
-800 975 0
-800 -980 0
-800 -985 0
-800 -990 0
-800 -995 0
-800 -1000 0
-800 -1005 0
-800 -1010 0
-801 976 0
-801 -981 0
-801 -986 0
-801 -991 0
-801 -996 0
-801 -1001 0
-801 -1006 0
-801 -1011 0
-802 977 0
-802 -982 0
-802 -987 0
-802 -992 0
-802 -997 0
-802 -1002 0
-802 -1007 0
-802 -1012 0
-129 803 804 805 806 807 0
-803 973 0
-803 -978 0
-803 -983 0
-803 -988 0
-803 -993 0
-803 -998 0
-803 -1003 0
-803 1008 0
-804 974 0
-804 -979 0
-804 -984 0
-804 -989 0
-804 -994 0
-804 -999 0
-804 -1004 0
-804 1009 0
-805 975 0
-805 -980 0
-805 -985 0
-805 -990 0
-805 -995 0
-805 -1000 0
-805 -1005 0
-805 1010 0
-806 976 0
-806 -981 0
-806 -986 0
-806 -991 0
-806 -996 0
-806 -1001 0
-806 -1006 0
-806 1011 0
-807 977 0
-807 -982 0
-807 -987 0
-807 -992 0
-807 -997 0
-807 -1002 0
-807 -1007 0
-807 1012 0
-130 808 809 810 811 812 0
-808 973 0
-808 -978 0
-808 -983 0
-808 -988 0
-808 -993 0
-808 -998 0
-808 1003 0
-808 -1008 0
-809 974 0
-809 -979 0
-809 -984 0
-809 -989 0
-809 -994 0
-809 -999 0
-809 1004 0
-809 -1009 0
-810 975 0
-810 -980 0
-810 -985 0
-810 -990 0
-810 -995 0
-810 -1000 0
-810 1005 0
-810 -1010 0
-811 976 0
-811 -981 0
-811 -986 0
-811 -991 0
-811 -996 0
-811 -1001 0
-811 1006 0
-811 -1011 0
-812 977 0
-812 -982 0
-812 -987 0
-812 -992 0
-812 -997 0
-812 -1002 0
-812 1007 0
-812 -1012 0
-131 813 814 815 816 817 0
-813 973 0
-813 -978 0
-813 -983 0
-813 -988 0
-813 -993 0
-813 -998 0
-813 1003 0
-813 1008 0
-814 974 0
-814 -979 0
-814 -984 0
-814 -989 0
-814 -994 0
-814 -999 0
-814 1004 0
-814 1009 0
-815 975 0
-815 -980 0
-815 -985 0
-815 -990 0
-815 -995 0
-815 -1000 0
-815 1005 0
-815 1010 0
-816 976 0
-816 -981 0
-816 -986 0
-816 -991 0
-816 -996 0
-816 -1001 0
-816 1006 0
-816 1011 0
-817 977 0
-817 -982 0
-817 -987 0
-817 -992 0
-817 -997 0
-817 -1002 0
-817 1007 0
-817 1012 0
-132 818 819 820 821 822 0
-818 973 0
-818 -978 0
-818 -983 0
-818 -988 0
-818 -993 0
-818 998 0
-818 -1003 0
-818 -1008 0
-819 974 0
-819 -979 0
-819 -984 0
-819 -989 0
-819 -994 0
-819 999 0
-819 -1004 0
-819 -1009 0
-820 975 0
-820 -980 0
-820 -985 0
-820 -990 0
-820 -995 0
-820 1000 0
-820 -1005 0
-820 -1010 0
-821 976 0
-821 -981 0
-821 -986 0
-821 -991 0
-821 -996 0
-821 1001 0
-821 -1006 0
-821 -1011 0
-822 977 0
-822 -982 0
-822 -987 0
-822 -992 0
-822 -997 0
-822 1002 0
-822 -1007 0
-822 -1012 0
-133 823 824 825 826 827 0
-823 973 0
-823 -978 0
-823 -983 0
-823 -988 0
-823 -993 0
-823 998 0
-823 -1003 0
-823 1008 0
-824 974 0
-824 -979 0
-824 -984 0
-824 -989 0
-824 -994 0
-824 999 0
-824 -1004 0
-824 1009 0
-825 975 0
-825 -980 0
-825 -985 0
-825 -990 0
-825 -995 0
-825 1000 0
-825 -1005 0
-825 1010 0
-826 976 0
-826 -981 0
-826 -986 0
-826 -991 0
-826 -996 0
-826 1001 0
-826 -1006 0
-826 1011 0
-827 977 0
-827 -982 0
-827 -987 0
-827 -992 0
-827 -997 0
-827 1002 0
-827 -1007 0
-827 1012 0
-134 828 829 830 831 832 0
-828 973 0
-828 -978 0
-828 -983 0
-828 -988 0
-828 -993 0
-828 998 0
-828 1003 0
-828 -1008 0
-829 974 0
-829 -979 0
-829 -984 0
-829 -989 0
-829 -994 0
-829 999 0
-829 1004 0
-829 -1009 0
-830 975 0
-830 -980 0
-830 -985 0
-830 -990 0
-830 -995 0
-830 1000 0
-830 1005 0
-830 -1010 0
-831 976 0
-831 -981 0
-831 -986 0
-831 -991 0
-831 -996 0
-831 1001 0
-831 1006 0
-831 -1011 0
-832 977 0
-832 -982 0
-832 -987 0
-832 -992 0
-832 -997 0
-832 1002 0
-832 1007 0
-832 -1012 0
-135 833 834 835 836 837 0
-833 973 0
-833 -978 0
-833 -983 0
-833 -988 0
-833 -993 0
-833 998 0
-833 1003 0
-833 1008 0
-834 974 0
-834 -979 0
-834 -984 0
-834 -989 0
-834 -994 0
-834 999 0
-834 1004 0
-834 1009 0
-835 975 0
-835 -980 0
-835 -985 0
-835 -990 0
-835 -995 0
-835 1000 0
-835 1005 0
-835 1010 0
-836 976 0
-836 -981 0
-836 -986 0
-836 -991 0
-836 -996 0
-836 1001 0
-836 1006 0
-836 1011 0
-837 977 0
-837 -982 0
-837 -987 0
-837 -992 0
-837 -997 0
-837 1002 0
-837 1007 0
-837 1012 0
-136 838 839 840 841 842 0
-838 973 0
-838 -978 0
-838 -983 0
-838 -988 0
-838 993 0
-838 -998 0
-838 -1003 0
-838 -1008 0
-839 974 0
-839 -979 0
-839 -984 0
-839 -989 0
-839 994 0
-839 -999 0
-839 -1004 0
-839 -1009 0
-840 975 0
-840 -980 0
-840 -985 0
-840 -990 0
-840 995 0
-840 -1000 0
-840 -1005 0
-840 -1010 0
-841 976 0
-841 -981 0
-841 -986 0
-841 -991 0
-841 996 0
-841 -1001 0
-841 -1006 0
-841 -1011 0
-842 977 0
-842 -982 0
-842 -987 0
-842 -992 0
-842 997 0
-842 -1002 0
-842 -1007 0
-842 -1012 0
-137 843 844 845 846 847 0
-843 973 0
-843 -978 0
-843 -983 0
-843 -988 0
-843 993 0
-843 -998 0
-843 -1003 0
-843 1008 0
-844 974 0
-844 -979 0
-844 -984 0
-844 -989 0
-844 994 0
-844 -999 0
-844 -1004 0
-844 1009 0
-845 975 0
-845 -980 0
-845 -985 0
-845 -990 0
-845 995 0
-845 -1000 0
-845 -1005 0
-845 1010 0
-846 976 0
-846 -981 0
-846 -986 0
-846 -991 0
-846 996 0
-846 -1001 0
-846 -1006 0
-846 1011 0
-847 977 0
-847 -982 0
-847 -987 0
-847 -992 0
-847 997 0
-847 -1002 0
-847 -1007 0
-847 1012 0
-138 848 849 850 851 852 0
-848 973 0
-848 -978 0
-848 -983 0
-848 -988 0
-848 993 0
-848 -998 0
-848 1003 0
-848 -1008 0
-849 974 0
-849 -979 0
-849 -984 0
-849 -989 0
-849 994 0
-849 -999 0
-849 1004 0
-849 -1009 0
-850 975 0
-850 -980 0
-850 -985 0
-850 -990 0
-850 995 0
-850 -1000 0
-850 1005 0
-850 -1010 0
-851 976 0
-851 -981 0
-851 -986 0
-851 -991 0
-851 996 0
-851 -1001 0
-851 1006 0
-851 -1011 0
-852 977 0
-852 -982 0
-852 -987 0
-852 -992 0
-852 997 0
-852 -1002 0
-852 1007 0
-852 -1012 0
-139 853 854 855 856 857 0
-853 973 0
-853 -978 0
-853 -983 0
-853 -988 0
-853 993 0
-853 -998 0
-853 1003 0
-853 1008 0
-854 974 0
-854 -979 0
-854 -984 0
-854 -989 0
-854 994 0
-854 -999 0
-854 1004 0
-854 1009 0
-855 975 0
-855 -980 0
-855 -985 0
-855 -990 0
-855 995 0
-855 -1000 0
-855 1005 0
-855 1010 0
-856 976 0
-856 -981 0
-856 -986 0
-856 -991 0
-856 996 0
-856 -1001 0
-856 1006 0
-856 1011 0
-857 977 0
-857 -982 0
-857 -987 0
-857 -992 0
-857 997 0
-857 -1002 0
-857 1007 0
-857 1012 0
-140 858 859 860 861 862 0
-858 973 0
-858 -978 0
-858 -983 0
-858 -988 0
-858 993 0
-858 998 0
-858 -1003 0
-858 -1008 0
-859 974 0
-859 -979 0
-859 -984 0
-859 -989 0
-859 994 0
-859 999 0
-859 -1004 0
-859 -1009 0
-860 975 0
-860 -980 0
-860 -985 0
-860 -990 0
-860 995 0
-860 1000 0
-860 -1005 0
-860 -1010 0
-861 976 0
-861 -981 0
-861 -986 0
-861 -991 0
-861 996 0
-861 1001 0
-861 -1006 0
-861 -1011 0
-862 977 0
-862 -982 0
-862 -987 0
-862 -992 0
-862 997 0
-862 1002 0
-862 -1007 0
-862 -1012 0
-141 863 864 865 866 867 0
-863 973 0
-863 -978 0
-863 -983 0
-863 -988 0
-863 993 0
-863 998 0
-863 -1003 0
-863 1008 0
-864 974 0
-864 -979 0
-864 -984 0
-864 -989 0
-864 994 0
-864 999 0
-864 -1004 0
-864 1009 0
-865 975 0
-865 -980 0
-865 -985 0
-865 -990 0
-865 995 0
-865 1000 0
-865 -1005 0
-865 1010 0
-866 976 0
-866 -981 0
-866 -986 0
-866 -991 0
-866 996 0
-866 1001 0
-866 -1006 0
-866 1011 0
-867 977 0
-867 -982 0
-867 -987 0
-867 -992 0
-867 997 0
-867 1002 0
-867 -1007 0
-867 1012 0
-142 868 869 870 871 872 0
-868 973 0
-868 -978 0
-868 -983 0
-868 -988 0
-868 993 0
-868 998 0
-868 1003 0
-868 -1008 0
-869 974 0
-869 -979 0
-869 -984 0
-869 -989 0
-869 994 0
-869 999 0
-869 1004 0
-869 -1009 0
-870 975 0
-870 -980 0
-870 -985 0
-870 -990 0
-870 995 0
-870 1000 0
-870 1005 0
-870 -1010 0
-871 976 0
-871 -981 0
-871 -986 0
-871 -991 0
-871 996 0
-871 1001 0
-871 1006 0
-871 -1011 0
-872 977 0
-872 -982 0
-872 -987 0
-872 -992 0
-872 997 0
-872 1002 0
-872 1007 0
-872 -1012 0
-143 873 874 875 876 877 0
-873 973 0
-873 -978 0
-873 -983 0
-873 -988 0
-873 993 0
-873 998 0
-873 1003 0
-873 1008 0
-874 974 0
-874 -979 0
-874 -984 0
-874 -989 0
-874 994 0
-874 999 0
-874 1004 0
-874 1009 0
-875 975 0
-875 -980 0
-875 -985 0
-875 -990 0
-875 995 0
-875 1000 0
-875 1005 0
-875 1010 0
-876 976 0
-876 -981 0
-876 -986 0
-876 -991 0
-876 996 0
-876 1001 0
-876 1006 0
-876 1011 0
-877 977 0
-877 -982 0
-877 -987 0
-877 -992 0
-877 997 0
-877 1002 0
-877 1007 0
-877 1012 0
-144 878 879 880 881 882 0
-878 973 0
-878 -978 0
-878 -983 0
-878 988 0
-878 -993 0
-878 -998 0
-878 -1003 0
-878 -1008 0
-879 974 0
-879 -979 0
-879 -984 0
-879 989 0
-879 -994 0
-879 -999 0
-879 -1004 0
-879 -1009 0
-880 975 0
-880 -980 0
-880 -985 0
-880 990 0
-880 -995 0
-880 -1000 0
-880 -1005 0
-880 -1010 0
-881 976 0
-881 -981 0
-881 -986 0
-881 991 0
-881 -996 0
-881 -1001 0
-881 -1006 0
-881 -1011 0
-882 977 0
-882 -982 0
-882 -987 0
-882 992 0
-882 -997 0
-882 -1002 0
-882 -1007 0
-882 -1012 0
-145 883 884 885 886 887 0
-883 973 0
-883 -978 0
-883 -983 0
-883 988 0
-883 -993 0
-883 -998 0
-883 -1003 0
-883 1008 0
-884 974 0
-884 -979 0
-884 -984 0
-884 989 0
-884 -994 0
-884 -999 0
-884 -1004 0
-884 1009 0
-885 975 0
-885 -980 0
-885 -985 0
-885 990 0
-885 -995 0
-885 -1000 0
-885 -1005 0
-885 1010 0
-886 976 0
-886 -981 0
-886 -986 0
-886 991 0
-886 -996 0
-886 -1001 0
-886 -1006 0
-886 1011 0
-887 977 0
-887 -982 0
-887 -987 0
-887 992 0
-887 -997 0
-887 -1002 0
-887 -1007 0
-887 1012 0
-146 888 889 890 891 892 0
-888 973 0
-888 -978 0
-888 -983 0
-888 988 0
-888 -993 0
-888 -998 0
-888 1003 0
-888 -1008 0
-889 974 0
-889 -979 0
-889 -984 0
-889 989 0
-889 -994 0
-889 -999 0
-889 1004 0
-889 -1009 0
-890 975 0
-890 -980 0
-890 -985 0
-890 990 0
-890 -995 0
-890 -1000 0
-890 1005 0
-890 -1010 0
-891 976 0
-891 -981 0
-891 -986 0
-891 991 0
-891 -996 0
-891 -1001 0
-891 1006 0
-891 -1011 0
-892 977 0
-892 -982 0
-892 -987 0
-892 992 0
-892 -997 0
-892 -1002 0
-892 1007 0
-892 -1012 0
-147 893 894 895 896 897 0
-893 973 0
-893 -978 0
-893 -983 0
-893 988 0
-893 -993 0
-893 -998 0
-893 1003 0
-893 1008 0
-894 974 0
-894 -979 0
-894 -984 0
-894 989 0
-894 -994 0
-894 -999 0
-894 1004 0
-894 1009 0
-895 975 0
-895 -980 0
-895 -985 0
-895 990 0
-895 -995 0
-895 -1000 0
-895 1005 0
-895 1010 0
-896 976 0
-896 -981 0
-896 -986 0
-896 991 0
-896 -996 0
-896 -1001 0
-896 1006 0
-896 1011 0
-897 977 0
-897 -982 0
-897 -987 0
-897 992 0
-897 -997 0
-897 -1002 0
-897 1007 0
-897 1012 0
-148 898 899 900 901 902 0
-898 973 0
-898 -978 0
-898 -983 0
-898 988 0
-898 -993 0
-898 998 0
-898 -1003 0
-898 -1008 0
-899 974 0
-899 -979 0
-899 -984 0
-899 989 0
-899 -994 0
-899 999 0
-899 -1004 0
-899 -1009 0
-900 975 0
-900 -980 0
-900 -985 0
-900 990 0
-900 -995 0
-900 1000 0
-900 -1005 0
-900 -1010 0
-901 976 0
-901 -981 0
-901 -986 0
-901 991 0
-901 -996 0
-901 1001 0
-901 -1006 0
-901 -1011 0
-902 977 0
-902 -982 0
-902 -987 0
-902 992 0
-902 -997 0
-902 1002 0
-902 -1007 0
-902 -1012 0
-149 903 904 905 906 907 0
-903 973 0
-903 -978 0
-903 -983 0
-903 988 0
-903 -993 0
-903 998 0
-903 -1003 0
-903 1008 0
-904 974 0
-904 -979 0
-904 -984 0
-904 989 0
-904 -994 0
-904 999 0
-904 -1004 0
-904 1009 0
-905 975 0
-905 -980 0
-905 -985 0
-905 990 0
-905 -995 0
-905 1000 0
-905 -1005 0
-905 1010 0
-906 976 0
-906 -981 0
-906 -986 0
-906 991 0
-906 -996 0
-906 1001 0
-906 -1006 0
-906 1011 0
-907 977 0
-907 -982 0
-907 -987 0
-907 992 0
-907 -997 0
-907 1002 0
-907 -1007 0
-907 1012 0
-150 908 909 910 911 912 0
-908 973 0
-908 -978 0
-908 -983 0
-908 988 0
-908 -993 0
-908 998 0
-908 1003 0
-908 -1008 0
-909 974 0
-909 -979 0
-909 -984 0
-909 989 0
-909 -994 0
-909 999 0
-909 1004 0
-909 -1009 0
-910 975 0
-910 -980 0
-910 -985 0
-910 990 0
-910 -995 0
-910 1000 0
-910 1005 0
-910 -1010 0
-911 976 0
-911 -981 0
-911 -986 0
-911 991 0
-911 -996 0
-911 1001 0
-911 1006 0
-911 -1011 0
-912 977 0
-912 -982 0
-912 -987 0
-912 992 0
-912 -997 0
-912 1002 0
-912 1007 0
-912 -1012 0
-151 913 914 915 916 917 0
-913 973 0
-913 -978 0
-913 -983 0
-913 988 0
-913 -993 0
-913 998 0
-913 1003 0
-913 1008 0
-914 974 0
-914 -979 0
-914 -984 0
-914 989 0
-914 -994 0
-914 999 0
-914 1004 0
-914 1009 0
-915 975 0
-915 -980 0
-915 -985 0
-915 990 0
-915 -995 0
-915 1000 0
-915 1005 0
-915 1010 0
-916 976 0
-916 -981 0
-916 -986 0
-916 991 0
-916 -996 0
-916 1001 0
-916 1006 0
-916 1011 0
-917 977 0
-917 -982 0
-917 -987 0
-917 992 0
-917 -997 0
-917 1002 0
-917 1007 0
-917 1012 0
-152 918 919 920 921 922 0
-918 973 0
-918 -978 0
-918 -983 0
-918 988 0
-918 993 0
-918 -998 0
-918 -1003 0
-918 -1008 0
-919 974 0
-919 -979 0
-919 -984 0
-919 989 0
-919 994 0
-919 -999 0
-919 -1004 0
-919 -1009 0
-920 975 0
-920 -980 0
-920 -985 0
-920 990 0
-920 995 0
-920 -1000 0
-920 -1005 0
-920 -1010 0
-921 976 0
-921 -981 0
-921 -986 0
-921 991 0
-921 996 0
-921 -1001 0
-921 -1006 0
-921 -1011 0
-922 977 0
-922 -982 0
-922 -987 0
-922 992 0
-922 997 0
-922 -1002 0
-922 -1007 0
-922 -1012 0
-153 923 924 925 926 927 0
-923 973 0
-923 -978 0
-923 -983 0
-923 988 0
-923 993 0
-923 -998 0
-923 -1003 0
-923 1008 0
-924 974 0
-924 -979 0
-924 -984 0
-924 989 0
-924 994 0
-924 -999 0
-924 -1004 0
-924 1009 0
-925 975 0
-925 -980 0
-925 -985 0
-925 990 0
-925 995 0
-925 -1000 0
-925 -1005 0
-925 1010 0
-926 976 0
-926 -981 0
-926 -986 0
-926 991 0
-926 996 0
-926 -1001 0
-926 -1006 0
-926 1011 0
-927 977 0
-927 -982 0
-927 -987 0
-927 992 0
-927 997 0
-927 -1002 0
-927 -1007 0
-927 1012 0
-154 928 929 930 931 932 0
-928 973 0
-928 -978 0
-928 -983 0
-928 988 0
-928 993 0
-928 -998 0
-928 1003 0
-928 -1008 0
-929 974 0
-929 -979 0
-929 -984 0
-929 989 0
-929 994 0
-929 -999 0
-929 1004 0
-929 -1009 0
-930 975 0
-930 -980 0
-930 -985 0
-930 990 0
-930 995 0
-930 -1000 0
-930 1005 0
-930 -1010 0
-931 976 0
-931 -981 0
-931 -986 0
-931 991 0
-931 996 0
-931 -1001 0
-931 1006 0
-931 -1011 0
-932 977 0
-932 -982 0
-932 -987 0
-932 992 0
-932 997 0
-932 -1002 0
-932 1007 0
-932 -1012 0
-155 933 934 935 936 937 0
-933 973 0
-933 -978 0
-933 -983 0
-933 988 0
-933 993 0
-933 -998 0
-933 1003 0
-933 1008 0
-934 974 0
-934 -979 0
-934 -984 0
-934 989 0
-934 994 0
-934 -999 0
-934 1004 0
-934 1009 0
-935 975 0
-935 -980 0
-935 -985 0
-935 990 0
-935 995 0
-935 -1000 0
-935 1005 0
-935 1010 0
-936 976 0
-936 -981 0
-936 -986 0
-936 991 0
-936 996 0
-936 -1001 0
-936 1006 0
-936 1011 0
-937 977 0
-937 -982 0
-937 -987 0
-937 992 0
-937 997 0
-937 -1002 0
-937 1007 0
-937 1012 0
-156 938 939 940 941 942 0
-938 973 0
-938 -978 0
-938 -983 0
-938 988 0
-938 993 0
-938 998 0
-938 -1003 0
-938 -1008 0
-939 974 0
-939 -979 0
-939 -984 0
-939 989 0
-939 994 0
-939 999 0
-939 -1004 0
-939 -1009 0
-940 975 0
-940 -980 0
-940 -985 0
-940 990 0
-940 995 0
-940 1000 0
-940 -1005 0
-940 -1010 0
-941 976 0
-941 -981 0
-941 -986 0
-941 991 0
-941 996 0
-941 1001 0
-941 -1006 0
-941 -1011 0
-942 977 0
-942 -982 0
-942 -987 0
-942 992 0
-942 997 0
-942 1002 0
-942 -1007 0
-942 -1012 0
-157 943 944 945 946 947 0
-943 973 0
-943 -978 0
-943 -983 0
-943 988 0
-943 993 0
-943 998 0
-943 -1003 0
-943 1008 0
-944 974 0
-944 -979 0
-944 -984 0
-944 989 0
-944 994 0
-944 999 0
-944 -1004 0
-944 1009 0
-945 975 0
-945 -980 0
-945 -985 0
-945 990 0
-945 995 0
-945 1000 0
-945 -1005 0
-945 1010 0
-946 976 0
-946 -981 0
-946 -986 0
-946 991 0
-946 996 0
-946 1001 0
-946 -1006 0
-946 1011 0
-947 977 0
-947 -982 0
-947 -987 0
-947 992 0
-947 997 0
-947 1002 0
-947 -1007 0
-947 1012 0
-158 948 949 950 951 952 0
-948 973 0
-948 -978 0
-948 -983 0
-948 988 0
-948 993 0
-948 998 0
-948 1003 0
-948 -1008 0
-949 974 0
-949 -979 0
-949 -984 0
-949 989 0
-949 994 0
-949 999 0
-949 1004 0
-949 -1009 0
-950 975 0
-950 -980 0
-950 -985 0
-950 990 0
-950 995 0
-950 1000 0
-950 1005 0
-950 -1010 0
-951 976 0
-951 -981 0
-951 -986 0
-951 991 0
-951 996 0
-951 1001 0
-951 1006 0
-951 -1011 0
-952 977 0
-952 -982 0
-952 -987 0
-952 992 0
-952 997 0
-952 1002 0
-952 1007 0
-952 -1012 0
-159 953 954 955 956 957 0
-953 973 0
-953 -978 0
-953 -983 0
-953 988 0
-953 993 0
-953 998 0
-953 1003 0
-953 1008 0
-954 974 0
-954 -979 0
-954 -984 0
-954 989 0
-954 994 0
-954 999 0
-954 1004 0
-954 1009 0
-955 975 0
-955 -980 0
-955 -985 0
-955 990 0
-955 995 0
-955 1000 0
-955 1005 0
-955 1010 0
-956 976 0
-956 -981 0
-956 -986 0
-956 991 0
-956 996 0
-956 1001 0
-956 1006 0
-956 1011 0
-957 977 0
-957 -982 0
-957 -987 0
-957 992 0
-957 997 0
-957 1002 0
-957 1007 0
-957 1012 0
-160 958 959 960 961 962 0
-958 973 0
-958 -978 0
-958 983 0
-958 -988 0
-958 -993 0
-958 -998 0
-958 -1003 0
-958 -1008 0
-959 974 0
-959 -979 0
-959 984 0
-959 -989 0
-959 -994 0
-959 -999 0
-959 -1004 0
-959 -1009 0
-960 975 0
-960 -980 0
-960 985 0
-960 -990 0
-960 -995 0
-960 -1000 0
-960 -1005 0
-960 -1010 0
-961 976 0
-961 -981 0
-961 986 0
-961 -991 0
-961 -996 0
-961 -1001 0
-961 -1006 0
-961 -1011 0
-962 977 0
-962 -982 0
-962 987 0
-962 -992 0
-962 -997 0
-962 -1002 0
-962 -1007 0
-962 -1012 0
-161 963 964 965 966 967 0
-963 973 0
-963 -978 0
-963 983 0
-963 -988 0
-963 -993 0
-963 -998 0
-963 -1003 0
-963 1008 0
-964 974 0
-964 -979 0
-964 984 0
-964 -989 0
-964 -994 0
-964 -999 0
-964 -1004 0
-964 1009 0
-965 975 0
-965 -980 0
-965 985 0
-965 -990 0
-965 -995 0
-965 -1000 0
-965 -1005 0
-965 1010 0
-966 976 0
-966 -981 0
-966 986 0
-966 -991 0
-966 -996 0
-966 -1001 0
-966 -1006 0
-966 1011 0
-967 977 0
-967 -982 0
-967 987 0
-967 -992 0
-967 -997 0
-967 -1002 0
-967 -1007 0
-967 1012 0
-162 968 969 970 971 972 0
-968 973 0
-968 -978 0
-968 983 0
-968 -988 0
-968 -993 0
-968 -998 0
-968 1003 0
-968 -1008 0
-969 974 0
-969 -979 0
-969 984 0
-969 -989 0
-969 -994 0
-969 -999 0
-969 1004 0
-969 -1009 0
-970 975 0
-970 -980 0
-970 985 0
-970 -990 0
-970 -995 0
-970 -1000 0
-970 1005 0
-970 -1010 0
-971 976 0
-971 -981 0
-971 986 0
-971 -991 0
-971 -996 0
-971 -1001 0
-971 1006 0
-971 -1011 0
-972 977 0
-972 -982 0
-972 987 0
-972 -992 0
-972 -997 0
-972 -1002 0
-972 1007 0
-972 -1012 0
